商品编码,商品名称,第一数量,第一计量单位,第二数量,第二计量单位,美元
1029090,其他牛，改良种用除外,526355,千克,775,头,3085486
1039200,其他猪，重量≥50k...,10362358,千克,86717,头,28470164
1042090,其他山羊，改良种用除...,9140,千克,402,头,60991
1051190,其他鸡，改良种用除外...,12445,千克,258150,只,147957
1061490,"其他家兔及野兔,改良...",807,千克,320,只,32405
1061910,其他改良种用哺乳动物,1520,千克,152,只,85065
1061990,"未列名哺乳动物,改良...",5390,千克,13089,只,2478967
1062020,食用爬行动物,80129,千克,53355,只,742440
1062090,未列名爬行动物,2100,千克,270776,只,130127
1064910,改良种用昆虫,11,千克,13450,只,269
1064990,"其他昆虫,改良种用除...",2341,千克,3784000,只,11755
1069090,"其他活动物,改良种用...",58290,千克,2932392,只,231292
2013000,鲜或冷的去骨牛肉,5285,千克,0,—,83933
2023000,冻去骨牛肉,3000,千克,0,—,22200
2031200,鲜或冷的带骨猪前腿、...,416042,千克,0,—,1401912
2031900,其他鲜或冷的猪肉,153540,千克,0,—,545916
2032190,其他冻整头及半头猪肉,89400,千克,0,—,285766
2032900,其他冻猪肉,1661696,千克,0,—,6837287
2044200,冻带骨绵羊肉,90943,千克,0,—,1044690
2044300,冻去骨绵羊肉,22793,千克,0,—,235749
2050000,鲜、冷、冻的马、驴、...,33715,千克,0,—,555328
2062200,冻牛肝,25000,千克,0,—,33467
2062900,其他冻牛杂碎,13100,千克,0,—,33536
2064100,冻猪肝,10000,千克,0,—,12392
2069000,其他冻杂碎（牛、猪杂...,78687,千克,0,—,238607
2071100,整只鸡，鲜或冷的,5942754,千克,0,—,20968306
2071200,整只鸡，冻的,187561,千克,0,—,562297
2071311,鲜或冷的带骨鸡块,163182,千克,0,—,604400
2071319,鲜或冷的其他鸡块,447,千克,0,—,1775
2071329,鲜或冷的其他鸡杂碎,16109,千克,0,—,60613
2071411,带骨的冻鸡块,3028293,千克,0,—,5007802
2071419,其他冻鸡块,20120452,千克,0,—,34260665
2071421,冻鸡翼（不包括翼尖）,412551,千克,0,—,1142754
2071429,其他冻鸡杂碎,606461,千克,0,—,502556
2074100,鲜或冷的整只鸭,1336980,千克,0,—,3111808
2074200,整只冻鸭,2818436,千克,0,—,3403776
2074300,鲜或冷的鸭肥肝,25010,千克,0,—,11727
2074400,鲜或冷的鸭块及杂碎,17366,千克,0,—,35686
2074500,冻的鸭块及杂碎,2078671,千克,0,—,2877450
2075100,鲜或冷的整只鹅,1218094,千克,0,—,7119822
2075200,整只冻鹅,5159,千克,0,—,34273
2075300,鲜或冷的鹅肥肝,435,千克,0,—,20820
2075400,鲜或冷的鹅块及杂碎,38485,千克,0,—,209214
2081020,冻兔肉，不包括兔头,311410,千克,0,—,1458756
2089010,鲜、冷、冻的乳鸽肉及...,281669,千克,0,—,2439388
2089090,其他鲜、冷、冻的肉及...,71457,千克,0,—,505814
2101200,干、熏、盐腌或盐渍猪...,1524,千克,0,—,10134
2101900,其他干、熏、盐腌或盐...,10103,千克,0,—,80879
2102000,干、熏、盐腌或盐渍牛...,57,千克,0,—,904
2109300,干、熏、盐腌或盐渍的...,7,千克,0,—,280
2109900,其他干、熏、盐腌或盐...,71727,千克,0,—,263999
3011100,淡水观赏鱼,23931,千克,0,—,391962
3019210,鳗鱼苗,86,千克,0,—,699365
3019290,其他活鳗鱼，鱼苗除外,1348583,千克,0,—,21252348
3019390,"其他活鲤科鱼, 鱼苗...",2022615,千克,0,—,7298126
3019919,其他鱼苗,49549,千克,0,—,517638
3019991,活罗非鱼,101266,千克,0,—,316790
3019992,活鲀,24200,千克,0,—,336844
3019993,其他活鲤科鱼,480771,千克,0,—,1769780
3019999,其他活鱼,4055220,千克,0,—,23497660
3021100,鲜或冷的鳟鱼,204,千克,0,—,3534
3022300,鲜或冷的鳎鱼,40699,千克,0,—,217706
3022900,其他鲜或冷的比目鱼,21288,千克,0,—,131856
3023900,其他鲜或冷的金枪鱼,6000,千克,0,—,16866
3024400,鲜或冷的鲭鱼,4680,千克,0,—,20725
3024600,鲜或冷的军曹鱼,228928,千克,0,—,1465721
3024910,鲜、冷银鲳(鲳属),10205,千克,0,—,90274
3024990,鲜、冷印度鲭(羽鳃鲐...,22582,千克,0,—,69284
3025100,鲜或冷的鳕鱼,15512,千克,0,—,35648
3027100,鲜或冷的罗非鱼,5750,千克,0,—,21637
3027200,鲜或冷的鲶鱼,1200,千克,0,—,10200
3027300,鲜或冷的鲤科鱼,58753,千克,0,—,277927
3027400,鲜或冷的鳗鱼,26886,千克,0,—,215474
3028200,鲜或冷的魟鱼及鳐鱼,39860,千克,0,—,146564
3028910,鲜或冷的带鱼,56965,千克,0,—,424794
3028920,鲜或冷的黄鱼,877454,千克,0,—,7408070
3028930,鲜或冷的鲳鱼(银鲳除...,187804,千克,0,—,1212070
3028990,其他鲜或冷的鱼,1290602,千克,0,—,7435954
3029100,鲜或冷的鱼肝、鱼卵及...,30771,千克,0,—,152375
3029900,其他鲜或冷的可食用鱼...,10397,千克,0,—,30566
3031100,冻红大麻哈鱼,49660,千克,0,—,223470
3031200,其他冻大麻哈鱼,225336,千克,0,—,526676
3031310,冻大西洋鲑鱼,2060,千克,0,—,19359
3031400,冻鳟鱼,315384,千克,0,—,2605721
3032300,冻罗非鱼,8744984,千克,0,—,15772574
3032400,冻鲶鱼,564558,千克,0,—,1436698
3032500,冻鲤科鱼,8560,千克,0,—,38446
3032600,冻鳗鱼,77068,千克,0,—,881511
3032900,冻尼罗河鲈鱼及黑鱼,5568,千克,0,—,19297
3033110,冻马舌鲽(格陵兰庸鲽...,433996,千克,0,—,3140387
3033300,冻鳎鱼,56320,千克,0,—,305617
3033900,其他冻比目鱼,1699333,千克,0,—,3576910
3034100,冻长鳍金枪鱼,1206145,千克,0,—,2934474
3034200,冻黄鳍金枪鱼,886451,千克,0,—,4639123
3034300,冻鲣,2702589,千克,0,—,5728591
3034400,冻大眼金枪鱼,283514,千克,0,—,1411649
3035100,冻鲱鱼,10941059,千克,0,—,6503166
3035300,冻的沙丁鱼、小沙丁鱼...,3127080,千克,0,—,3354775
3035400,冻鲭鱼,33111751,千克,0,—,48310082
3035500,冻的对称竹荚鱼、新西...,102000,千克,0,—,204925
3035700,冻剑鱼,482299,千克,0,—,2260314
3035910,冻银鲳(鲳属),298621,千克,0,—,4056919
3035990,冻鳀鱼(鳀属）、冻印...,9924901,千克,0,—,14529245
3036300,冻鳕鱼,360,千克,0,—,5711
3036700,冻阿拉斯加狭鳕鱼,3806429,千克,0,—,4111727
3036800,冻蓝鳕鱼,20595,千克,0,—,47369
3036900,其他冻的犀鳕科、多丝...,25275,千克,0,—,89908
3038910,冻带鱼,247424,千克,0,—,1925186
3038920,冻黄鱼,1709171,千克,0,—,8049030
3038930,冻鲳鱼(银鲳除外),778205,千克,0,—,5150448
3038990,未列名冻鱼,17503069,千克,0,—,59387412
3039100,冻的鱼肝、鱼卵及鱼精,73659,千克,0,—,2791378
3039900,其他冻的可食用鱼杂碎,394458,千克,0,—,1141317
3043900,鲜或冷的鲤科鱼、鳗鱼...,42511,千克,0,—,214191
3044200,鲜或冷的鳟鱼鱼片,30,千克,0,—,836
3044900,其他鲜或冷的鱼片,11368,千克,0,—,144026
3045100,鲜或冷的罗非鱼、鲶鱼...,387534,千克,0,—,2110366
3045900,其他鲜或冷的鱼肉,10385,千克,0,—,24228
3046100,冻罗非鱼鱼片,1209348,千克,0,—,4183989
3046211,冻斑点叉尾鮰鱼鱼片,165071,千克,0,—,860202
3046290,其他冻鲶鱼鱼片,33402,千克,0,—,204541
3046900,冻鲤科鱼、鳗鱼及黑鱼...,108245,千克,0,—,1040672
3047100,冻鳕鱼鱼片,5114043,千克,0,—,36329441
3047200,冻黑线鳕鱼鱼片,1691004,千克,0,—,9425101
3047300,冻绿青鳕鱼鱼片,349893,千克,0,—,3299943
3047400,冻狗鳕鱼鱼片,549850,千克,0,—,2341253
3047500,冻阿拉斯加狭鳕鱼鱼片,12011023,千克,0,—,31255008
3047900,其他冻的犀鳕科、多丝...,696013,千克,0,—,3397175
3048100,冻的大麻哈鱼、大西洋...,4288160,千克,0,—,23517435
3048200,冻鳟鱼鱼片,32938,千克,0,—,406176
3048300,冻比目鱼鱼片,3516586,千克,0,—,21596229
3048400,冻剑鱼鱼片,6320,千克,0,—,93090
3048500,冻南极犬牙鱼鱼片,204,千克,0,—,8466
3048600,冻鲱鱼鱼片,107384,千克,0,—,358743
3048700,冻金枪鱼（金枪鱼属）...,2652020,千克,0,—,19187516
3048900,其他冻鱼片,7421292,千克,0,—,40284157
3049200,冻南极犬牙鱼鱼肉,19678,千克,0,—,646391
3049300,冻的罗非鱼、鲶鱼、鳗...,350,千克,0,—,3710
3049400,冻阿拉斯加狭鳕鱼鱼肉,751145,千克,0,—,2060142
3049500,冻的犀鳕科、多丝真鳕...,446724,千克,0,—,3315487
3049900,其他冻鱼肉,4163704,千克,0,—,17845176
3052000,干、熏、盐腌或盐渍的...,294635,千克,0,—,2626673
3053200,干、盐腌或盐渍的犀鳕...,1328458,千克,0,—,5801662
3053900,其他干、盐腌或盐渍的...,55333,千克,0,—,368675
3054110,熏大西洋鲑鱼,102,千克,0,—,2281
3054200,熏鲱鱼,221079,千克,0,—,944469
3054300,熏鳟鱼,97013,千克,0,—,1680146
3054400,熏的罗非鱼、鲶鱼、鲤...,44,千克,0,—,469
3054900,其他熏鱼,327147,千克,0,—,2074835
3055100,干鳕鱼,23928,千克,0,—,257590
3055300,干的犀鳕科、多丝真鳕...,68070,千克,0,—,828935
3055490,干的鲱鱼(大西洋鲱鱼...,319234,千克,0,—,1680805
3055990,其他干鱼,730247,千克,0,—,6716988
3056200,盐腌及盐渍的鳕鱼,110699,千克,0,—,454779
3056990,未列名盐腌及盐渍的鱼,183480,千克,0,—,551633
3057100,鲨鱼翅,1011,千克,0,—,134517
3057200,鱼头、鱼尾、鱼鳔,34681,千克,0,—,131675
3057900,其他鱼鳍及其他可食用...,109796,千克,0,—,592865
3061100,冻的岩礁虾和其他龙虾,11449,千克,0,—,86531
3061410,冻梭子蟹,1565549,千克,0,—,5695687
3061490,其他冻蟹,360583,千克,0,—,5120428
3061630,冻冷水小虾及对虾的虾...,141901,千克,0,—,2683454
3061640,冻北方长额虾，虾仁除...,114427,千克,0,—,481493
3061690,其他冻冷水小虾及对虾...,17332,千克,0,—,131165
3061730,其他冻小虾及对虾的虾...,2018539,千克,0,—,18804742
3061790,其他冻小虾及对虾，虾...,684514,千克,0,—,3824477
3061990,其他冻甲壳动物,17100,千克,0,—,386594
3063190,活、鲜或冷的岩礁虾和...,604,千克,0,—,3864
3063290,活、鲜或冷的螯龙虾，...,10,千克,0,—,370
3063310,蟹种苗,128,千克,0,—,6630
3063391,活、鲜或冷的中华绒螯...,707028,千克,0,—,2411387
3063392,活、鲜或冷的梭子蟹，...,4491,千克,0,—,84325
3063399,其他活、鲜或冷的蟹，...,57288,千克,0,—,854349
3063610,其他小虾种苗及对虾种...,187,千克,0,—,4707
3063690,活、鲜或冷的其他小虾...,660397,千克,0,—,7476462
3063990,未列名活、鲜或冷的甲...,550,千克,0,—,10476
3069390,本品目所列其他方法加...,9320,千克,0,—,50254
3069590,本品目所列其他方法加...,138315,千克,0,—,1216822
3069900,本品目所列其他方法加...,1520,千克,0,—,33878
3071190,活、鲜或冷的牡蛎，种...,228745,千克,0,—,1915792
3071200,冻牡蛎,79115,千克,0,—,370500
3072191,活、鲜、冷的扇贝（扇...,2714,千克,0,—,9110
3072210,冻的扇贝（扇贝属、栉...,1030987,千克,0,—,6224704
3072290,冻的其他扇贝科软体动...,1127384,千克,0,—,11317281
3073190,活、鲜或冷的贻贝，种...,22722,千克,0,—,40415
3073200,冻贻贝,748667,千克,0,—,1580475
3073900,干、盐腌、盐渍或熏制...,1000,千克,0,—,9300
3074291,活、鲜或冷的墨鱼（乌...,190270,千克,0,—,2397324
3074299,其他活、鲜或冷的墨鱼...,16395,千克,0,—,33460
3074310,冻的墨鱼（乌贼属、巨...,6046662,千克,0,—,38698481
3074390,其他冻的墨鱼及鱿鱼,18518242,千克,0,—,85040748
3074910,干、盐腌、盐渍或熏制...,49444,千克,0,—,599101
3074990,其他干、盐腌、盐渍或...,150814,千克,0,—,1555599
3075100,活、鲜或冷的章鱼,1016085,千克,0,—,11782891
3075200,冻章鱼,1659465,千克,0,—,11859996
3075900,干、盐腌、盐渍或熏制...,73092,千克,0,—,636862
3077191,活、鲜或冷的蛤，种苗...,4600863,千克,0,—,7215547
3077199,活、鲜或冷的鸟蛤及舟...,1574673,千克,0,—,3184794
3077200,冻的蛤、鸟蛤及舟贝,716504,千克,0,—,2506664
3077900,干、盐腌、盐渍或熏制...,256000,千克,0,—,1083750
3078190,活、鲜或冷的鲍鱼，种...,161658,千克,0,—,2982898
3078300,冻鲍鱼,56943,千克,0,—,1205843
3079190,未列名活、鲜、冷的软...,232817,千克,0,—,1936482
3079200,未列名冻的软体动物,390916,千克,0,—,4842237
3079900,未列名干、盐腌、盐渍...,27833,千克,0,—,663549
3081190,活、鲜或冷的海参，种...,40,千克,0,—,1040
3081200,冻海参,22999,千克,0,—,604068
3081900,干、盐腌、盐渍或熏制...,180,千克,0,—,12301
3082190,活、鲜或冷的海胆，种...,1826,千克,0,—,365462
3082200,冻海胆,4921,千克,0,—,229637
3083090,冻、干、盐腌、盐渍或...,334791,千克,0,—,1981123
3089012,"活、鲜或冷的沙蚕, ...",68957,千克,0,—,898646
3089019,未列名活、鲜或冷的不...,24144,千克,0,—,438318
3091000,适合供人食用的鱼的细...,188689,千克,0,—,690148
3099000,适合供人食用的甲壳动...,13500,千克,0,—,105150
4011000,未浓缩及未加糖或其他...,4130,千克,0,—,3935
4012000,未浓缩及未加糖或其他...,2663627,千克,0,—,2276458
4015000,未浓缩及未加糖或其他...,605,千克,0,—,2261
4021000,粉状、粒状或其他固状...,88108,千克,0,—,287286
4022100,粉状、粒状或其他固状...,856479,千克,0,—,3122776
4022900,粉状、粒状或其他固状...,399,千克,0,—,1781
4029100,非固状乳及稀奶油，未...,15412,千克,0,—,29392
4029900,非固状乳及稀奶油，加...,154434,千克,0,—,359439
4032010,酸乳，不论是否浓缩，...,51674,千克,0,—,87351
4032090,其他酸乳,348721,千克,0,—,797790
4039000,酪乳、结块的乳及稀奶...,336692,千克,0,—,799013
4041000,乳清及改性乳清，不论...,389,千克,0,—,7190
4049000,未列名含天然乳产品，...,20861,千克,0,—,31611
4051000,黄油,55760,千克,0,—,111599
4052000,乳酱,1120,千克,0,—,2963
4059000,其他从乳中提取的脂和...,88345,千克,0,—,303764
4062000,各种磨碎或粉化的乳酪,32358,千克,0,—,153756
4063000,经过加工的乳酪（但磨...,5116,千克,0,—,30074
4069000,未列名的乳酪,25200,千克,0,—,108215
4071100,孵化用受精鸡蛋,15035,千克,241300,个,110437
4072100,鲜鸡蛋,11660494,千克,194773162,个,16544511
4072900,其他鲜蛋,44760,千克,1931616,个,99876
4079010,咸蛋,778955,千克,11203927,个,2261371
4079020,皮蛋,701873,千克,10429650,个,2193493
4079090,未列名腌制或煮过的带...,20809,千克,251347,个,53864
4081100,干蛋黄,15734,千克,0,—,237899
4081900,其他蛋黄,196757,千克,0,—,1231774
4089100,干去壳禽蛋,46144,千克,0,—,318098
4089900,其他去壳禽蛋,1038403,千克,0,—,2276219
4090000,天然蜂蜜,15217140,千克,0,—,24373754
4109010,燕窝,162,千克,0,—,15505
4109021,鲜蜂王浆,62643,千克,0,—,1272480
4109022,鲜蜂王浆粉,15976,千克,0,—,1160053
4109023,蜂花粉,190263,千克,0,—,735776
4109029,其他蜂产品,19364,千克,0,—,551024
4109090,未列名食用动物产品,45,千克,0,—,45088
5021010,猪鬃,194389,千克,0,—,2174547
5021020,猪毛,19710,千克,0,—,17542
5029011,制刷用山羊毛,3696,千克,0,—,187544
5029019,未列名制刷用兽毛,842,千克,0,—,48042
5040011,盐渍猪肠衣（猪大肠头...,4830027,千克,0,—,32432546
5040012,盐渍绵羊肠衣,1390650,千克,0,—,31301243
5040013,盐渍山羊肠衣,7574,千克,0,—,220951
5040019,其他动物肠衣,35269,千克,0,—,1737449
5040021,冷、冻的鸡肫,6,千克,0,—,61
5040029,其他动物的胃,281,千克,0,—,2863
5040090,其他动物肠及膀胱，整...,59972,千克,0,—,167570
5051000,填充用羽毛；羽绒,3431210,千克,0,—,70261146
5059090,其他羽毛；带有羽毛或...,36170,千克,0,—,1027695
5079020,鹿茸及其粉末,6119,千克,0,—,1008601
5079090,龟壳、鲸须、其他兽角...,3975,千克,0,—,54368
5080010,软体、甲壳或棘皮动物...,228609,千克,0,—,99926
5080090,珊瑚及类似品；软体、...,615330,千克,0,—,546696
5100090,未列名配药用腺体及其...,8777,千克,0,—,213015
5119111,受精鱼卵,5,千克,0,—,3477
5119119,其他鱼产品,81814,千克,0,—,503995
5119190,未列名甲壳动物、软体...,320208,千克,0,—,4296937
5119910,动物精液（牛的精液除...,1,千克,0,—,74161
5119920,动物胚胎,0,千克,0,—,6096
5119930,蚕种,8120,千克,0,—,3700744
5119940,马毛及废马毛，不论是...,27204,千克,0,—,342812
5119990,其他品目未列名动物产...,2270689,千克,0,—,8835989
6011099,未列名休眠的鳞茎、块...,3617847,个,61080,千克,42748
6021000,无根插枝及接穗植物,15100,株,40,千克,1090
6022010,食用水果或坚果种用苗...,500,株,118,千克,10736
6022090,食用水果或坚果树、灌...,102072,株,10272,千克,12724
6023010,种用杜鹃,6,株,3,千克,6
6023090,其他杜鹃，不论是否嫁...,17758,株,39616,千克,19356
6024090,其他玫瑰，不论是否嫁...,58953,株,29945,千克,29656
6029010,蘑菇菌丝,14350884,千克,0,—,7965559
6029091,其他种用苗木,828752,株,9357,千克,374726
6029092,兰花，种用除外,7228322,株,703890,千克,3133533
6029093,菊花，种用除外,88640,株,12505,千克,16491
6029094,百合，种用除外,5855,株,475,千克,3750
6029095,康乃馨，种用除外,74907,株,1361,千克,11727
6029099,未列名活植物,52799296,株,15522314,千克,24075928
6031100,鲜的制花束或装饰用的...,906772,千克,9207622,枝,2161825
6031200,鲜的制花束或装饰用的...,1469624,千克,26971951,枝,3083363
6031300,鲜的制花束或装饰用的...,8340,千克,83754,枝,168462
6031400,鲜的制花束或装饰用的...,954967,千克,16926095,枝,3239182
6031500,鲜的制花束或装饰用的...,231422,千克,1461258,枝,703915
6031900,其他鲜的制花束或装饰...,2382068,千克,24849772,枝,4126583
6039000,制花束或装饰用的插花...,156862,千克,116238607,枝,1799784
6042010,鲜的苔藓及地衣,18,千克,0,—,108
6042090,鲜的制花束或装饰用的...,1300930,千克,0,—,3146818
6049010,其他苔藓及地衣,79651,千克,0,—,318998
6049090,未列名制花束或装饰用...,169151,千克,0,—,1029717
7011000,种用马铃薯,6,千克,0,—,325
7019000,鲜或冷藏的马铃薯，种...,24669207,千克,0,—,10072332
7020000,鲜或冷藏的番茄,19028377,千克,0,—,20102351
7031010,鲜或冷藏的洋葱,98594065,千克,0,—,53343898
7031020,鲜或冷藏的青葱,4119229,千克,0,—,3178519
7032010,鲜或冷藏的蒜头,156714220,千克,0,—,216912851
7032020,鲜或冷藏的蒜苔及蒜苗...,1946141,千克,0,—,3405298
7032090,其他鲜或冷藏的大蒜,8289000,千克,0,—,17202397
7039010,鲜或冷藏的韭葱,6076,千克,0,—,14571
7039020,鲜或冷藏的大葱,10047742,千克,0,—,7038680
7039090,鲜或冷藏的其他葱属蔬...,1202624,千克,0,—,730531
7041010,鲜或冷藏的菜花,8708911,千克,0,—,6263947
7041090,鲜或冷藏的西兰花,20700144,千克,0,—,22275782
7042000,鲜或冷藏的抱子甘蓝,9612,千克,0,—,13550
7049010,鲜或冷藏的卷心菜,36715517,千克,0,—,16387725
7049090,未列名鲜或冷藏的食用...,33099751,千克,0,—,18407934
7051100,鲜或冷藏的结球莴苣（...,4803006,千克,0,—,5465053
7051900,其他鲜或冷藏的莴苣,15603226,千克,0,—,19964141
7052900,其他鲜或冷藏的菊苣,31194,千克,0,—,53256
7061000,鲜或冷藏的胡萝卜及芜...,72616845,千克,0,—,41612567
7069000,其他鲜或冷藏的食用根...,14174932,千克,0,—,8585435
7070000,鲜或冷藏的黄瓜及小黄...,5533101,千克,0,—,6422694
7081000,鲜或冷藏的豌豆,1568620,千克,0,—,2585640
7082000,鲜或冷藏的豇豆及菜豆,13981516,千克,0,—,38867457
7089000,其他鲜或冷藏的豆类蔬...,143197,千克,0,—,138163
7092000,鲜或冷藏的芦笋,20160,千克,0,—,11472
7093000,鲜或冷藏的茄子,804910,千克,0,—,1096282
7094000,鲜或冷藏的芹菜（块根...,2484554,千克,0,—,1926843
7095100,鲜或冷藏的伞菌属蘑菇,2351055,千克,0,—,3876846
7095400,鲜或冷藏的香菇,1729485,千克,0,—,4831800
7095600,鲜或冷藏的块菌（松露...,1285,千克,0,—,137969
7095910,鲜或冷藏的其他松茸,4650,千克,0,—,16508
7095930,鲜或冷藏的金针菇,5634053,千克,0,—,6524357
7095940,鲜或冷藏的草菇,18659,千克,0,—,46702
7095950,鲜或冷藏的口蘑,123008,千克,0,—,278687
7095960,鲜或冷藏的其他块菌,31141,千克,0,—,222307
7095990,其他鲜或冷藏的蘑菇,7899197,千克,0,—,11753621
7096000,鲜或冷藏的辣椒属及多...,10480999,千克,0,—,12925811
7097000,鲜或冷藏的菠菜,14095385,千克,0,—,37136883
7099200,鲜或冷藏的油橄榄,45544,千克,0,—,7753
7099300,鲜或冷藏的南瓜、笋瓜...,1192225,千克,0,—,925775
7099910,鲜或冷藏的竹笋,222317,千克,0,—,587280
7099990,未列名鲜或冷藏的蔬菜,53129671,千克,0,—,104193723
7101000,冷冻马铃薯,1950692,千克,0,—,2114032
7102100,冷冻豌豆,1416731,千克,0,—,2109244
7102290,冷冻豇豆及其他菜豆,1795482,千克,0,—,2491390
7102900,其他冷冻豆类蔬菜,9021067,千克,0,—,14259478
7103000,冷冻菠菜,7561271,千克,0,—,8212223
7104000,冷冻甜玉米,9740296,千克,0,—,7920481
7108010,冷冻松茸,9791,千克,0,—,402119
7108020,冷冻蒜苔及蒜苗（青蒜...,542915,千克,0,—,867622
7108030,冷冻蒜头,45000,千克,0,—,98964
7108040,冷冻牛肝菌,532729,千克,0,—,2776273
7108090,冷冻未列名蔬菜,91639084,千克,0,—,91873433
7109000,冷冻什锦蔬菜,6688259,千克,0,—,6916463
7114000,暂时保藏的黄瓜及小黄...,990834,千克,0,—,763730
7115112,盐水小白蘑菇,803410,千克,0,—,1310568
7115119,盐水的其他伞菌属蘑菇,772000,千克,0,—,2165801
7115190,其他暂时保藏的伞菌属...,592118,千克,0,—,1105023
7115911,盐水松茸,800,千克,0,—,29550
7115919,盐水其他磨菇及块菌,624550,千克,0,—,1943910
7115990,其他暂时保藏的蘑菇及...,133300,千克,0,—,291346
7119031,盐水竹笋,193176,千克,0,—,422274
7119034,盐水大蒜,1064040,千克,0,—,1958065
7119039,盐水的其他蔬菜及什锦...,6576459,千克,0,—,4710594
7119090,未列名暂时保藏的蔬菜...,1367256,千克,0,—,1004278
7122000,干洋葱,1562301,千克,0,—,4497377
7123100,干伞菌属蘑菇,2881,千克,0,—,59724
7123200,干木耳,1764102,千克,0,—,20814188
7123300,干银耳,437048,千克,0,—,5647259
7123400,干香菇,2057790,千克,0,—,29810917
7123950,干牛肝菌,50426,千克,0,—,1419416
7123991,干羊肚菌,13653,千克,0,—,1079655
7123999,未列名干蘑菇及块菌,139929,千克,0,—,2962751
7129010,笋干丝,108055,千克,0,—,1854357
7129020,紫萁（薇菜干）,15,千克,0,—,132
7129030,金针菜（黄花菜）,78941,千克,0,—,746959
7129040,蕨菜干,44794,千克,0,—,393519
7129050,干大蒜,21135402,千克,0,—,65300221
7129091,干辣根,555665,千克,0,—,2652842
7129099,未列名干蔬菜及什锦蔬...,4957588,千克,0,—,21785130
7131010,种用豌豆,4884,千克,0,—,21172
7131090,其他干豌豆,45085,千克,0,—,43328
7132090,其他干鹰嘴豆,1662,千克,0,—,2812
7133190,其他干绿豆,10307851,千克,0,—,20544735
7133290,其他红小豆（赤豆），...,2601090,千克,0,—,3918607
7133310,种用芸豆,304693,千克,0,—,1129613
7133390,其他干芸豆,6349721,千克,0,—,10917278
7133500,干牛豆(豇豆),188901,千克,0,—,213805
7134090,其他干扁豆,214886,千克,0,—,371069
7135090,其他干蚕豆,916035,千克,0,—,1433127
7139010,种用其他脱荚干豆,49997,千克,0,—,156773
7139090,其他脱荚干豆，种用除...,794910,千克,0,—,869571
7141010,鲜木薯,1416,千克,0,—,272
7141030,冷或冻的木薯,7050,千克,0,—,20657
7142019,其他鲜甘薯,463407,千克,0,—,507230
7142030,冷或冻甘薯,320214,千克,0,—,512563
7143000,山药,894959,千克,0,—,2024858
7144000,芋头(芋属),4586043,千克,0,—,7130342
7149010,荸荠,768040,千克,0,—,965686
7149029,其他藕,2596990,千克,0,—,3659492
7149090,鲜、冷、冻或干的竹芋...,1355841,千克,0,—,1284513
8011200,未去内壳（内果皮）的...,938,千克,0,—,1134
8011990,其他椰子,32257,千克,0,—,9404
8012100,未去壳巴西果,100,千克,0,—,646
8013200,去壳腰果,56182,千克,0,—,152296
8021100,未去壳扁桃核,26000,千克,0,—,126565
8021200,去壳扁桃核,181741,千克,0,—,645050
8023100,未去壳核桃,7560780,千克,0,—,14812216
8023200,去壳核桃,4802761,千克,0,—,19052910
8024110,未去壳板栗,2513918,千克,0,—,4354337
8024190,其他未去壳栗子,17,千克,0,—,65
8024210,去壳板栗,18640,千克,0,—,23550
8025100,未去壳阿月浑子果(开...,39916,千克,0,—,220000
8025200,去壳阿月浑子果(开心...,200755,千克,0,—,2029799
8026190,其他未去壳马卡达姆坚...,30851,千克,0,—,123590
8026200,去壳马卡达姆坚果(夏...,149064,千克,0,—,1729914
8028000,槟榔果,34359,千克,0,—,1957208
8029100,未去壳松子,37500,千克,0,—,172431
8029200,去壳松子,893420,千克,0,—,17128465
8029910,白果,386494,千克,0,—,539979
8029990,未列名鲜或干的坚果,229215,千克,0,—,503878
8039000,鲜或干的香蕉，芭蕉除...,4974897,千克,0,—,5010388
8041000,鲜或干的椰枣,1431,千克,0,—,6890
8042000,鲜或干的无花果,18655,千克,0,—,133979
8043000,鲜或干的菠萝,1453672,千克,0,—,1577626
8044000,鲜或干的鳄梨,1290,千克,0,—,1886
8045010,鲜或干的番石榴,459640,千克,0,—,677661
8045020,鲜或干的芒果,3913641,千克,0,—,6334871
8051000,鲜或干的橙,24213535,千克,0,—,22205210
8052190,其他柑橘（包括小蜜橘...,94988635,千克,0,—,91594099
8052900,韦尔金橘及类似的杂交...,30422342,千克,0,—,28636157
8054000,葡萄柚及柚,6294018,千克,0,—,6170517
8055000,柠檬及酸橙,14902263,千克,0,—,11401227
8059000,未列名柑桔属水果,553,千克,0,—,1255
8061000,鲜葡萄,11581392,千克,0,—,18843602
8062000,葡萄干,6137926,千克,0,—,10117901
8071100,鲜西瓜,1172020,千克,0,—,1232762
8071910,鲜哈密瓜,367317,千克,0,—,300126
8071990,其他鲜甜瓜,3512681,千克,0,—,4464063
8072000,鲜番木瓜,566982,千克,0,—,985451
8081000,鲜苹果,94362374,千克,0,—,104486340
8083010,鲜鸭梨、雪梨,1745884,千克,0,—,1054904
8083020,鲜香梨,850164,千克,0,—,1172977
8083090,其他鲜梨,55158350,千克,0,—,51925874
8092900,其他鲜樱桃,14996,千克,0,—,189403
8093000,鲜桃，包括油桃,224606,千克,0,—,262195
8094000,鲜李及黑刺李,193638,千克,0,—,255636
8101000,鲜草莓,1773538,千克,0,—,4386472
8102000,鲜木莓、黑莓、桑椹及...,42801,千克,0,—,463908
8104000,鲜蔓越橘及越橘及其他...,299669,千克,0,—,3183804
8105000,鲜猕猴桃,1287626,千克,0,—,2075656
8107000,鲜柿子,1411412,千克,0,—,1344075
8109010,鲜荔枝,870,千克,0,—,2449
8109030,鲜龙眼,183731,千克,0,—,563853
8109050,鲜番荔枝,22928,千克,0,—,49276
8109060,鲜杨桃,34778,千克,0,—,52550
8109070,鲜莲雾,4599,千克,0,—,3604
8109080,鲜火龙果,2834542,千克,0,—,4288835
8109090,未列名鲜果,606896,千克,0,—,1025463
8111000,冷冻草莓,5207702,千克,0,—,7487882
8112000,冷冻木莓、黑莓、桑椹...,1488732,千克,0,—,2843266
8119010,冷冻栗子，未去壳,98370,千克,0,—,355702
8119090,未列名冷冻水果及坚果,6789704,千克,0,—,11367245
8121000,暂时保藏的樱桃,8400,千克,0,—,24780
8129000,其他暂时保藏的水果及...,1309372,千克,0,—,2128326
8131000,杏干,25,千克,0,—,553
8132000,梅干及李干,86626,千克,0,—,103891
8133000,苹果干,662065,千克,0,—,3404891
8134010,龙眼干、肉,59504,千克,0,—,374766
8134020,柿饼,107093,千克,0,—,319558
8134030,红枣,3298974,千克,0,—,8775671
8134040,荔枝干,1000,千克,0,—,18129
8134090,未列名干果,729419,千克,0,—,12434853
8135000,本章的什锦坚果或干果,40898,千克,0,—,1017036
8140000,柑桔属水果或甜瓜（包...,284458,千克,0,—,1056089
9011100,未焙炒未浸除咖啡碱的...,3494807,千克,0,—,13848938
9012100,已焙炒未浸除咖啡碱的...,132421,千克,0,—,1154045
9012200,已焙炒已浸除咖啡碱的...,74,千克,0,—,1440
9021011,茉莉花茶，内包装每件...,196944,千克,0,—,1589305
9021019,其他花茶，内包装每件...,8960,千克,0,—,92771
9021020,白茶，内包装每件净重...,1936,千克,0,—,61052
9021090,其他绿茶(未发酵)，...,11022352,千克,0,—,45128433
9022011,茉莉花茶，内包装每件...,273669,千克,0,—,2273187
9022019,其他花茶，内包装每件...,394,千克,0,—,1865
9022020,白茶，内包装每件净重...,28670,千克,0,—,185064
9022090,其他绿茶（未发酵），...,14749730,千克,0,—,39113391
9023010,乌龙茶，内包装每件净...,146598,千克,0,—,1276641
9023031,普洱茶（熟茶），内包...,13962,千克,0,—,171894
9023039,黑茶（普洱熟茶除外）...,302,千克,0,—,10945
9023090,红茶及其他部分发酵茶...,279219,千克,0,—,1688677
9024010,乌龙茶，内包装每件净...,1191655,千克,0,—,7633368
9024031,普洱茶（熟茶），内包...,57100,千克,0,—,343505
9024039,黑茶（普洱熟茶除外）...,28420,千克,0,—,95203
9024090,红茶及其他部分发酵茶...,1449049,千克,0,—,5821546
9030000,马黛茶,200,千克,0,—,3454
9041100,未磨胡椒,408710,千克,0,—,2022035
9041200,已磨胡椒,96942,千克,0,—,784478
9042100,未磨的辣椒干,9341147,千克,0,—,24957148
9042200,已磨的辣椒,26087400,千克,0,—,68469392
9061100,未磨的锡兰肉桂,1272,千克,0,—,5869
9061900,其他未磨的肉桂及肉桂...,5593232,千克,0,—,12368440
9062000,已磨的肉桂及肉桂花,190829,千克,0,—,771280
9071000,未磨的丁香（母丁香、...,25389,千克,0,—,229413
9081100,未磨的肉豆蔻,2346,千克,0,—,98487
9083100,未磨的豆蔻,798,千克,0,—,4295
9092100,未磨的芫荽子,1298,千克,0,—,3603
9093100,未磨的枯茗子,2336,千克,0,—,20488
9093200,已磨的枯茗子,2586,千克,0,—,25179
9096110,未磨的八角茴香,1198410,千克,0,—,7124800
9096190,未磨的茴芹子、艹页蒿...,242118,千克,0,—,763863
9096210,已磨的八角茴香,19289,千克,0,—,256279
9096290,已磨的茴芹子、艹页蒿...,92,千克,0,—,362
9101100,未磨的姜,48571214,千克,0,—,62250620
9101200,已磨的姜,1530365,千克,0,—,4036072
9102000,番红花,17,千克,0,—,71631
9103000,姜黄,56577,千克,0,—,184259
9109100,不同品目的≥两种调味...,245547,千克,0,—,681333
9109910,花椒、竹叶花椒和青花...,190360,千克,0,—,2551029
9109990,未列名调味香料,188553,千克,0,—,404772
10039000,其他大麦,6420,千克,0,—,10252
10049000,其他燕麦,61640,千克,0,—,45874
10051000,种用玉米,50502,千克,0,—,306848
10061021,种用长粒米稻谷（粒长...,7649211,千克,0,—,30530423
10061029,种用中短粒米稻谷（粒...,808804,千克,0,—,2740125
10062080,中短粒米糙米（粒长≤...,36207000,千克,0,—,31638764
10063020,长粒米精米（粒长＞6...,7920,千克,0,—,7809
10063080,中短粒米精米（粒长≤...,22335897,千克,0,—,13023184
10079000,其他食用高粱,47337,千克,0,—,36846
10081000,荞麦,644992,千克,0,—,526320
10082900,其他谷子,969635,千克,0,—,915641
10083000,加那利草子,5000,千克,0,—,5600
10085090,其他昆诺阿藜,4425,千克,0,—,15365
10089010,其他种用谷物,824,千克,0,—,3704
10089090,未列名谷物,857291,千克,0,—,976353
11010000,小麦或混合麦的细粉,6731915,千克,0,—,3755840
11029090,未列名谷物细粉,151181,千克,0,—,183465
11031990,其他谷物粗粒、粗粉,1362,千克,0,—,2902
11032090,其他谷物团粒,1030,千克,0,—,4299
11042200,经其他加工的燕麦,8496,千克,0,—,9044
11042910,经其他加工的大麦,3884,千克,0,—,3379
11042990,经其他加工的未列名谷...,4537454,千克,0,—,4158715
11043000,整粒、滚压、制片或磨...,26771,千克,0,—,30107
11051000,马铃薯细粉及粗粉、粉...,5000,千克,0,—,12436
11052000,马铃薯粉片、颗粒及团...,59000,千克,0,—,124684
11061000,品目0713干豆制细...,225030,千克,0,—,264464
11062000,品目0714西谷茎髓...,160378,千克,0,—,454534
11063000,第8章产品制细粉及粗...,118640,千克,0,—,1142295
11071000,未焙制的麦芽,40371511,千克,0,—,26663754
11072000,已焙制的麦芽,1179597,千克,0,—,729302
11081100,小麦淀粉,141425,千克,0,—,87147
11081200,玉米淀粉,128112,千克,0,—,122191
11081300,马铃薯淀粉,214710,千克,0,—,255776
11081400,木薯淀粉,96908,千克,0,—,74079
11081900,未列名淀粉,5944564,千克,0,—,6556571
11082000,菊粉,104415,千克,0,—,400834
11090000,面筋，不论是否干制,16432240,千克,0,—,21375453
12019011,非转基因黄大豆,7807822,千克,0,—,7809542
12019020,黑大豆，种用除外,655217,千克,0,—,964070
12019030,青大豆，种用除外,96660,千克,0,—,158357
12019090,其他大豆，种用除外,10000,千克,0,—,21980
12024100,其他未去壳花生，种用...,2273283,千克,0,—,3255817
12024200,其他去壳花生，不论是...,11304710,千克,0,—,19968893
12030000,干椰子肉,50,千克,0,—,225
12040000,亚麻子，不论是否破碎,45800,千克,0,—,62849
12059090,未列名油菜子,5000,千克,0,—,5500
12060010,种用葵花子,1784,千克,0,—,17648
12060090,其他葵花子,51485345,千克,0,—,87029019
12072100,种用棉子,1025000,千克,0,—,2327781
12074090,其他芝麻,5900978,千克,0,—,14909574
12075010,种用芥子,2325,千克,0,—,18999
12075090,其他芥子,166,千克,0,—,757
12076010,种用红花子,271,千克,0,—,4003
12076090,其他红花子,71340,千克,0,—,43518
12077010,种用甜瓜子,4522,千克,0,—,613172
12077091,黑瓜子,240476,千克,0,—,792758
12077092,红瓜子,413565,千克,0,—,1341533
12079100,罂粟子,153006,千克,0,—,283848
12079910,其他种用含油子仁及果...,1384,千克,0,—,39099
12079999,未列名含油子仁及果实,2368875,千克,0,—,5377198
12081000,大豆粉,42453,千克,0,—,60225
12089000,其他含油子仁或果实细...,733789,千克,0,—,2790713
12092100,紫苜蓿子,5000,千克,0,—,18429
12092500,黑麦草种子,118,千克,0,—,666
12092910,甜菜子（糖甜菜子除外...,245,千克,0,—,3675
12093000,草本花卉植物种子,164733,千克,0,—,3703013
12099130,番茄种子,71095,千克,0,—,6516983
12099140,洋葱种子,1110,千克,0,—,71262
12099150,菠菜种子,7370,千克,0,—,60155
12099190,其他蔬菜种子,323585,千克,0,—,11321074
12099900,其他种植用种子、果实...,40722,千克,0,—,326325
12102000,啤酒花，经研磨或制成...,1800,千克,0,—,14999
12112011,鲜或干的西洋参,57039,千克,0,—,1948364
12112091,其他鲜人参,4436,千克,0,—,32098
12112092,其他干人参,172154,千克,0,—,8680785
12112099,其他冷或冻的人参,4635,千克,0,—,177073
12115000,麻黄,44407,千克,0,—,243424
12119011,当归,401504,千克,0,—,5281306
12119012,三七（田七）,29151,千克,0,—,1033658
12119013,党参,128479,千克,0,—,2094190
12119014,黄连,43148,千克,0,—,1921655
12119015,菊花,235034,千克,0,—,1759761
12119016,冬虫夏草,81,千克,0,—,1550946
12119017,贝母,8370,千克,0,—,227799
12119018,川芎,244891,千克,0,—,876064
12119019,半夏,221395,千克,0,—,4321363
12119021,白芍,165972,千克,0,—,820187
12119022,天麻,12513,千克,0,—,143840
12119023,黄芪,453334,千克,0,—,2834440
12119024,大黄、籽黄,81970,千克,0,—,292573
12119025,白术,188153,千克,0,—,2140531
12119026,地黄,381133,千克,0,—,1952777
12119027,槐米,2323,千克,0,—,6275
12119028,杜仲,56634,千克,0,—,212336
12119029,茯苓,497918,千克,0,—,2460637
12119031,枸杞,1403901,千克,0,—,9871758
12119032,大海子,740,千克,0,—,22774
12119034,沙参,204169,千克,0,—,432973
12119035,青蒿,4702,千克,0,—,8496
12119036,甘草,211636,千克,0,—,1076100
12119037,黄芩,120074,千克,0,—,883643
12119039,未列名主要用作药料的...,6755688,千克,0,—,42910987
12119050,主要用作香料的植物及...,727936,千克,0,—,1606076
12119091,鱼藤根、除虫菊,16000,千克,0,—,10200
12119099,主要用作杀虫、杀菌等...,378185,千克,0,—,1185844
12122110,海带,63486,千克,0,—,444092
12122131,干的裙带菜,1,千克,0,—,1
12122139,其他裙带菜,835358,千克,0,—,1060925
12122141,干紫菜,275745,千克,0,—,4889950
12122190,未列名适合供人食用的...,80723,千克,0,—,264240
12122990,其他不适合供人食用的...,153650,千克,0,—,253450
12129100,甜菜,11034,千克,0,—,5060
12129300,甘蔗,1258545,千克,0,—,120834
12129400,菊苣根,130,千克,0,—,276
12129911,苦杏仁,208655,千克,0,—,1242508
12129912,甜杏仁,506,千克,0,—,4987
12129919,杏核；桃（包括油桃）...,66112,千克,0,—,1021627
12129993,白瓜子,18695695,千克,0,—,63553635
12129994,莲子,643603,千克,0,—,3991929
12129996,甜叶菊叶,173620,千克,0,—,647167
12129999,未列名食用植物产品,5272672,千克,0,—,17306525
12130000,未经处理的谷类植物的...,415510,千克,0,—,80311
12149000,其他草饲料,23637,千克,0,—,143530
13012000,阿拉伯胶,6927,千克,0,—,28788
13019020,乳香、没药及血竭,13621,千克,0,—,80547
13019090,未列名树胶、树脂,104563,千克,0,—,965959
13021200,甘草液汁及浸膏,297339,千克,0,—,2668400
13021300,啤酒花液汁及浸膏,4612,千克,0,—,104470
13021910,生漆,3920,千克,0,—,237185
13021940,银杏液汁及浸膏,58420,千克,0,—,3228513
13021990,其他植物液汁及浸膏,4301480,千克,0,—,108093567
13022000,果胶、果胶酸盐及果胶...,814330,千克,0,—,9233387
13023100,琼脂,321639,千克,0,—,4640741
13023200,从刺槐豆、刺槐豆子或...,967710,千克,0,—,4199407
13023911,卡拉胶,1781450,千克,0,—,14738542
13023912,褐藻胶,2686947,千克,0,—,21400369
13023919,未列名海草及藻类产品...,39760,千克,0,—,831523
13023990,其他植物产品制得的胶...,923288,千克,0,—,7786134
14011000,竹,9023009,千克,0,—,7588530
14012000,藤,28028,千克,0,—,416502
14019010,谷类植物的茎秆（麦秸...,1697,千克,0,—,3480
14019020,芦苇,4131573,千克,0,—,1948631
14019090,未列名主要作编结用的...,156741,千克,0,—,591447
14049010,主要供染料、鞣料用的...,281596,千克,0,—,3463364
14049090,其他品目未列名的植物...,21874563,千克,0,—,15787133
15011000,猪油,39753,千克,0,—,75861
15019000,"家禽脂肪,但品目02...",47883,千克,0,—,147944
15021000,牛、羊油脂,76002,千克,0,—,106598
15029000,其他牛、羊脂肪,80400,千克,0,—,161544
15041000,鱼肝油及其分离品,1312,千克,0,—,54066
15042000,除鱼肝油以外的鱼油、...,3935198,千克,0,—,45302052
15050000,羊毛脂及从羊毛脂制得...,777082,千克,0,—,4259598
15060000,其他动物油、脂及其分...,5629,千克,0,—,214160
15071000,初榨的豆油,208740,千克,0,—,276230
15079000,其他豆油及其分离品,6949571,千克,0,—,8417101
15081000,初榨的花生油,7231,千克,0,—,32449
15089000,其他花生油及其分离品,607826,千克,0,—,1335648
15092000,特级初榨油橄榄油,2,千克,0,—,10
15093000,初榨油橄榄油，游离酸...,74,千克,0,—,528
15094000,其他初榨油橄榄油,165,千克,0,—,1405
15109000,其他橄榄油及其分离品...,16,千克,0,—,861
15119010,棕榈液油（熔点19℃...,189522,千克,0,—,201150
15119090,其他棕榈油及其分离品,351000,千克,0,—,343049
15121100,初榨的葵花油或红花油,381835,千克,0,—,551276
15121900,其他葵花油或红花油及...,173366,千克,0,—,405901
15131900,其他椰子油及其分离品,20000,千克,0,—,48384
15141100,初榨的低芥子酸菜子油,0,千克,0,—,0
15141900,其他低芥子酸菜子油及...,938728,千克,0,—,1005051
15149110,初榨的菜子油,10790,千克,0,—,17622
15149190,初榨的芥子油,830,千克,0,—,3845
15149900,其他菜子油或芥子油及...,23397,千克,0,—,75629
15151100,初榨的亚麻子油,0,千克,0,—,10
15151900,其他亚麻子油及其分离...,182572,千克,0,—,562016
15152900,其他玉米油及其分离品,1242098,千克,0,—,1570134
15153000,蓖麻油及其分离品,74730,千克,0,—,167732
15155000,芝麻油及其分离品,860073,千克,0,—,3864750
15156000,微生物油、脂及其分离...,114477,千克,0,—,5190065
15159010,希蒙得木油（霍霍巴油...,54,千克,0,—,1812
15159030,桐油及其分离品,481087,千克,0,—,960925
15159090,未列名固定植物油、脂...,580289,千克,0,—,5432282
15161000,"全部或部分氢化,相互...",73205,千克,0,—,2580851
15162000,氢化酯化或反油酸化的...,21313608,千克,0,—,32553341
15171000,人造黄油，液态的除外,189170,千克,0,—,487342
15179010,起酥油,13247,千克,0,—,21038
15179090,其他本章动植物或微生...,901755,千克,0,—,4049605
15180000,化学改性动植物或微生...,139853446,千克,0,—,125348790
15200000,粗甘油；甘油水及甘油...,5,千克,0,—,734
15211000,植物蜡,104242,千克,0,—,935798
15219010,蜂蜡,735967,千克,0,—,3393249
15220000,油鞣回收脂；处理油脂...,189650,千克,0,—,113727
16010010,用天然肠衣做外包装的...,568762,千克,0,—,2392555
16010020,其他肉、食用杂碎、动...,3537667,千克,0,—,7025431
16010030,用香肠制成的食品,30384,千克,0,—,100337
16022000,制作或保藏的动物肝,293631,千克,0,—,1515484
16023210,鸡罐头,1214301,千克,0,—,2942702
16023291,其他制作或保藏的鸡胸...,11634207,千克,0,—,38368704
16023292,其他制作或保藏的鸡腿...,10902060,千克,0,—,45825369
16023299,其他制作或保藏的鸡肉...,5779245,千克,0,—,24934259
16023910,其他家禽肉及杂碎罐头,38795,千克,0,—,69896
16023991,未列名制作或保藏的鸭...,4957237,千克,0,—,22146439
16023999,未列名制作或保藏的家...,16381,千克,0,—,181615
16024100,制作或保藏的猪后腿及...,78270,千克,0,—,382391
16024200,制作或保藏的猪前腿及...,44765,千克,0,—,176768
16024910,猪肉及杂碎罐头,1492376,千克,0,—,5137953
16024990,未列名制作或保藏的猪...,2081525,千克,0,—,9418728
16025010,牛肉及杂碎罐头,95497,千克,0,—,368315
16025090,未列名制作或保藏的牛...,543713,千克,0,—,3333565
16029090,未列名制作或保藏的肉...,2200715,千克,0,—,5147926
16030000,肉、鱼、甲壳动物、软...,906059,千克,0,—,2020100
16041110,制作或保藏的大西洋鲑...,17995,千克,0,—,64909
16041190,制作或保藏的其他鲑鱼...,217882,千克,0,—,1615737
16041200,制作或保藏的鲱鱼，整...,87175,千克,0,—,659234
16041300,制作或保藏的沙丁鱼、...,8040147,千克,0,—,17114429
16041400,制作或保藏的金枪鱼、...,12065754,千克,0,—,70619128
16041500,制作或保藏的鲭鱼，整...,9826463,千克,0,—,20711352
16041600,制作或保藏的鳀鱼，整...,56029,千克,0,—,408030
16041700,制作或保藏的鳗鱼（鳗...,5082980,千克,0,—,87902804
16041920,制作或保藏的罗非鱼，...,15903287,千克,0,—,48050951
16041931,制作或保藏的斑点叉尾...,371494,千克,0,—,1905649
16041990,未列名制作或保藏的鱼...,10883264,千克,0,—,46312322
16042019,其他绞碎制作或保藏的...,933946,千克,0,—,3664315
16042091,其他绞碎制作或保藏的...,8000,千克,0,—,436051
16042099,其他绞碎制作或保藏的...,9111629,千克,0,—,36465052
16043100,鲟鱼子酱,21032,千克,0,—,6210348
16043200,鲟鱼子酱代用品,318998,千克,0,—,3838901
16051000,制作或保藏的蟹,1334639,千克,0,—,28691433
16052100,非密封包装制作或保藏...,1704528,千克,0,—,21935703
16052900,其他制作或保藏的小虾...,6567805,千克,0,—,96957604
16053000,制作或保藏的龙虾,245,千克,0,—,1035
16054011,制作或保藏的淡水小龙...,619092,千克,0,—,7439912
16054019,制作或保藏的带壳淡水...,121018,千克,0,—,951259
16054090,其他制作或保藏的甲壳...,32686,千克,0,—,245231
16055100,制作或保藏的牡蛎（蚝...,681670,千克,0,—,5334140
16055200,制作或保藏的扇贝，包...,938139,千克,0,—,9747392
16055300,制作或保藏的贻贝,519374,千克,0,—,1229338
16055400,制作或保藏的墨鱼及鱿...,14107490,千克,0,—,110803426
16055500,制作或保藏的章鱼,2267221,千克,0,—,25141900
16055610,制作或保藏的蛤,4943439,千克,0,—,15248004
16055620,制作或保藏的鸟蛤及舟...,468040,千克,0,—,2327711
16055700,制作或保藏的鲍鱼,607296,千克,0,—,20480605
16055800,制作或保藏的蜗牛及螺...,56151,千克,0,—,279913
16055900,其他制作或保藏的软体...,615162,千克,0,—,3541925
16056100,制作或保藏的海参,23395,千克,0,—,625991
16056200,制作或保藏的海胆,704,千克,0,—,15510
16056300,制作或保藏的海蜇,69202,千克,0,—,413815
16056900,其他制作或保藏的水生...,155564,千克,0,—,579000
17011300,非离心甘蔗糖，符合本...,200,千克,0,—,3000
17011400,"其他甘蔗糖, 未加香...",355964,千克,0,—,358780
17019100,加香料或着色剂的甘蔗...,80,千克,0,—,280
17019910,砂糖,3426182,千克,0,—,2555460
17019920,绵白糖,541225,千克,0,—,439724
17019990,未列名精制糖；化学纯...,1952145,千克,0,—,2059698
17021100,无水乳糖，重量计干燥...,1650,千克,0,—,6735
17021900,其他乳糖及乳糖浆,29575,千克,0,—,104960
17022000,槭糖及槭糖浆,296,千克,0,—,137616
17023000,葡萄糖及葡萄糖浆，果...,130961399,千克,0,—,70465634
17024000,葡萄糖及糖浆，20％...,4341703,千克,0,—,2243933
17025000,化学纯果糖,302036,千克,0,—,374589
17026000,果糖及果糖浆，果糖＞...,30194748,千克,0,—,13619732
17029011,甘蔗糖或甜菜糖水溶液,76567,千克,0,—,62690
17029012,甘蔗糖、甜菜糖与其他...,10020,千克,0,—,17520
17029090,其他固体糖及未加香料...,62646424,千克,0,—,48840578
17041000,口香糖，不论是否裹糖,2023962,千克,0,—,5312167
17049000,不含可可的糖食（口香...,34123781,千克,0,—,107110813
18031000,未脱脂可可膏,52021,千克,0,—,407004
18040000,可可脂、可可油,353001,千克,0,—,2075794
18050000,未加糖或其他甜物质的...,401455,千克,0,—,973256
18061000,含糖或其他甜物质的可...,330,千克,0,—,4455
18062000,其他重量＞2kg的块...,206880,千克,0,—,618624
18063100,块状或条状含可可的夹...,1363278,千克,0,—,6904035
18063200,块状或条状含可可的非...,183730,千克,0,—,1320306
18069000,未列名含可可的食品,3406046,千克,0,—,17205273
19011010,供婴幼儿食用的零售包...,637072,千克,0,—,13983226
19011090,其他供婴幼儿食用的零...,5642,千克,0,—,105916
19012000,供焙烘1905所列面...,957615,千克,0,—,2521873
19019000,麦精；未列名的食品，...,3431259,千克,0,—,12265093
19021100,含蛋生面食，未包馅或...,63521,千克,0,—,76494
19021900,其他生面食，未包馅或...,2217729,千克,0,—,3255464
19022000,包馅面食，不论是否烹...,11944090,千克,0,—,27273897
19023010,米粉干,5704298,千克,0,—,7339154
19023020,粉丝,9724318,千克,0,—,17595105
19023030,即食或快熟面条,22780140,千克,0,—,41184855
19023090,未列名面食,10041848,千克,0,—,16469041
19030000,珍粉及淀粉制成的珍粉...,821046,千克,0,—,1117101
19041000,谷物或谷物产品经膨化...,5824367,千克,0,—,19296704
19042000,未烘炒谷物片或其与烘...,283243,千克,0,—,618283
19049000,其他预煮或经其他方法...,2440088,千克,0,—,5137170
19053100,甜饼干,2327793,千克,0,—,6410268
19053200,华夫饼干及圣餐饼,1928321,千克,0,—,5408578
19054000,面包干、吐司及类似的...,1091042,千克,0,—,1463410
19059000,未列名面包、糕点、饼...,16214780,千克,0,—,51545658
20011000,用醋或醋酸制作或保藏...,877630,千克,0,—,828274
20019010,用醋或醋酸制作或保藏...,549684,千克,0,—,1211389
20019090,其他用醋制作蔬菜、果...,6856198,千克,0,—,10449634
20021010,番茄罐头,268022,千克,0,—,240720
20021090,其他非醋方法制作或保...,18785,千克,0,—,81430
20029011,番茄酱罐头重量≤5k...,45464656,千克,0,—,44238981
20029019,番茄酱罐头重量＞5k...,55650310,千克,0,—,70233326
20029090,其他非醋方法制作或保...,998530,千克,0,—,4936048
20031011,小白蘑菇（洋蘑菇）罐...,13519813,千克,0,—,26829481
20031019,其他伞菌属蘑菇罐头,1904584,千克,0,—,5342512
20031090,其他制作或保藏的伞菌...,93774,千克,0,—,974243
20039010,其他蘑菇罐头,3488516,千克,0,—,14481608
20039090,其他制作或保藏的蘑菇...,322790,千克,0,—,1967199
20041000,非醋方法制作或保藏的...,16427724,千克,0,—,23332301
20049000,非醋方法制作或保藏的...,14744204,千克,0,—,33584141
20051000,均化蔬菜,525,千克,0,—,4419
20052000,非醋方法制作或保藏的...,1004934,千克,0,—,4133502
20054000,非醋方法制作或保藏的...,1316632,千克,0,—,1447100
20055111,赤豆馅罐头,1638536,千克,0,—,1808907
20055119,其他脱荚豇豆及菜豆罐...,2152000,千克,0,—,1597412
20055191,未冷冻赤豆馅，罐头除...,4854843,千克,0,—,5520312
20055199,其他制作或保藏的未冷...,11840,千克,0,—,15438
20055910,未脱荚豇豆及菜豆罐头,66851,千克,0,—,57553
20055990,其他非醋方法制作的未...,11795,千克,0,—,20062
20056010,芦笋罐头,2004356,千克,0,—,5385412
20057000,非醋方法制作或保藏的...,1500,千克,0,—,3418
20058000,非醋方法制作或保藏的...,13673470,千克,0,—,16031306
20059110,竹笋罐头,10111557,千克,0,—,14761681
20059190,其他制作或保藏的未冷...,602097,千克,0,—,2231123
20059920,蚕豆罐头,820344,千克,0,—,532088
20059940,制作或保藏榨菜,1086890,千克,0,—,1445325
20059960,制作或保藏的咸藠头,68727,千克,0,—,153786
20059970,制作或保藏的蒜制品,2520520,千克,0,—,10346694
20059991,其他非醋制作的未冷冻...,14883304,千克,0,—,23892088
20059999,未列名非醋制作的未冷...,54485746,千克,0,—,79883531
20060010,蜜枣,619665,千克,0,—,1669777
20060020,糖渍橄榄,25154,千克,0,—,81311
20060090,其他糖渍蔬菜、水果、...,6744053,千克,0,—,24834876
20071000,均化食品,62080,千克,0,—,267130
20079100,柑桔属水果制果酱、果...,20990,千克,0,—,45421
20079910,非柑桔属水果制果酱、...,1643469,千克,0,—,2243160
20079990,其他非柑桔属水果制果...,2252082,千克,0,—,4576064
20081110,花生米罐头,225871,千克,0,—,405153
20081120,烘焙花生,23881204,千克,0,—,42634885
20081130,花生酱,2200980,千克,0,—,5710569
20081190,未列名制作或保藏的花...,7125923,千克,0,—,15390498
20081910,核桃仁罐头,45586,千克,0,—,185799
20081920,其他果仁罐头,1728292,千克,0,—,7757697
20081991,其他制作或保藏的栗仁,932772,千克,0,—,3006112
20081992,其他制作或保藏的芝麻,956640,千克,0,—,3038369
20081999,未列名制作或保藏的坚...,6582690,千克,0,—,24208428
20082010,菠萝罐头,290926,千克,0,—,451001
20082090,未列名制作或保藏的菠...,771,千克,0,—,14323
20083010,柑桔属水果罐头,23168420,千克,0,—,27134432
20083090,未列名制作或保藏的柑...,49977,千克,0,—,141365
20084010,梨罐头,4970236,千克,0,—,5463891
20085000,其他制作或保藏的杏,795038,千克,0,—,828405
20086010,樱桃罐头,170969,千克,0,—,448323
20086090,其他制作或保藏的樱桃,1958,千克,0,—,2160
20087010,桃罐头,14103238,千克,0,—,18065250
20087090,未列名制作或保藏的桃,73948,千克,0,—,211137
20088000,其他制作或保藏的草莓,609624,千克,0,—,2596664
20089300,其他制作或保藏的蔓越...,4807,千克,0,—,26010
20089700,其他制作或保藏的什锦...,9106440,千克,0,—,12321218
20089910,荔枝罐头,2541295,千克,0,—,3518130
20089920,龙眼罐头,9511,千克,0,—,15480
20089931,调味紫菜,241762,千克,0,—,6629357
20089932,盐腌海带,431884,千克,0,—,2609115
20089933,盐腌裙带菜,1255516,千克,0,—,4090981
20089934,烤紫菜,466356,千克,0,—,12364912
20089939,未列名制作或保藏的海...,2629884,千克,0,—,12407176
20089940,清水马蹄罐头,2219171,千克,0,—,2562483
20089950,用其他方法制作或保藏...,7584471,千克,0,—,11690437
20089990,未列名制作或保藏水果...,9879850,千克,0,—,26443441
20091100,冷冻橙汁,241144,千克,0,—,921696
20091200,非冷冻橙汁，白利糖度...,22792,千克,0,—,27401
20091900,其他橙汁,4998,千克,0,—,17683
20092100,葡萄柚汁及柚汁，白利...,1540,千克,0,—,2072
20092900,葡萄柚汁及柚汁，白利...,1651,千克,0,—,8962
20093110,柠檬汁，白利糖度值不...,21922,千克,0,—,53579
20093190,其他未混合柑桔属水果...,22800,千克,0,—,28044
20093910,其他柠檬汁,6193,千克,0,—,27835
20093990,其他未混合柑桔属水果...,92478,千克,0,—,276997
20094100,菠萝汁，白利糖度值≤...,10903,千克,0,—,6442
20094900,其他菠萝汁,25000,千克,0,—,50200
20095000,番茄汁,2791,千克,0,—,2484
20096100,葡萄汁，白利糖度值≤...,20018,千克,0,—,57433
20096900,其他葡萄汁,40466,千克,0,—,84655
20097100,苹果汁，白利糖度值≤...,96806,千克,0,—,94705
20097900,其他苹果汁,28757812,千克,0,—,45910497
20098100,蔓越橘汁、越橘汁,1149,千克,0,—,4820
20098912,芒果汁,108361,千克,0,—,135072
20098913,西番莲果汁,91,千克,0,—,396
20098915,梨汁,3357572,千克,0,—,4605009
20098916,沙棘汁,492020,千克,0,—,977722
20098919,其他未混合的水果汁或...,1033796,千克,0,—,3090590
20098920,未混合的蔬菜汁,1176979,千克,0,—,2534974
20099010,混合水果汁,515705,千克,0,—,1328140
20099090,混合蔬菜汁；混合坚果...,33546,千克,0,—,37911
21011100,咖啡的浓缩精汁,95810,千克,0,—,1032119
21011200,以咖啡浓缩精汁或以咖...,747481,千克,0,—,3589941
21012000,以茶、马黛茶及其浓缩...,1714380,千克,0,—,17425158
21013000,烘焙菊苣和其他烘焙咖...,159549,千克,0,—,178244
21021000,活性酵母,16265120,千克,0,—,40525227
21022000,非活性酵母；已死的其...,3688699,千克,0,—,9102444
21023000,发酵粉,1245697,千克,0,—,1818218
21031000,酱油,20807303,千克,0,—,19924940
21032000,番茄沙司及其他番茄调...,2659535,千克,0,—,2598265
21033000,芥子粉及其调制品,92382,千克,0,—,303396
21039010,味精,2227343,千克,0,—,2590010
21039020,别特酒，按体积计酒精...,16097,千克,0,—,39516
21039090,未列名调味汁及其制品...,44585799,千克,0,—,89950573
21041000,汤料及其制品,1016538,千克,0,—,6228503
21042000,均化混合食品,1216,千克,0,—,26899
21050000,冰淇淋及其他冰制食品...,1702498,千克,0,—,3285114
21061000,浓缩蛋白质及人造蛋白...,13090380,千克,0,—,29148099
21069010,制碳酸饮料的浓缩物,286051,千克,0,—,1496136
21069030,蜂王浆制剂,18400,千克,0,—,198638
21069040,椰子汁,67403,千克,0,—,79809
21069050,海豹油胶囊,0,千克,0,—,124
21069061,含香料或着色剂的甘蔗...,66604,千克,0,—,271379
21069062,甘蔗糖、甜菜糖与其他...,40050,千克,0,—,34248
21069090,未列名食品,70658806,千克,0,—,277778090
22011010,未加味、加糖或其他甜...,29465571,升,29475387,千克,6001964
22011020,未加味、加糖或其他甜...,95954,升,97557,千克,44316
22019011,已包装未加味、加糖或...,635,千升,636434,千克,137348
22019019,未包装未加味、加糖或...,85941179,千升,85940754501,千克,62852660
22019090,未列名未加味、加糖或...,2517,千升,119923,千克,36323
22021000,加味、加糖或其他甜物...,18643678,升,19197432,千克,12031277
22029100,无醇啤酒,473679,升,479432,千克,438000
22029900,其他无酒精饮料,30864739,升,31648855,千克,24674237
22030000,麦芽酿造的啤酒,61844084,升,62640402,千克,42398820
22041000,葡萄汽酒,8167,升,8043,千克,90924
22042100,装入≤2升的容器的鲜...,74809,升,73957,千克,1195550
22042200,装入2升以上但不超过...,10500,升,10416,千克,30373
22051000,装入≤2升的容器的味...,70440,升,72626,千克,161876
22060010,黄酒,1055990,升,1072192,千克,1569577
22060090,其他发酵饮料（例如，...,335415,升,338783,千克,1298904
22071000,未改性乙醇，按容量计...,1299196,升,1036152,千克,1126299
22072000,任何浓度的改性乙醇及...,16000,升,12800,千克,20181
22082000,蒸馏葡萄酒制得的烈性...,358003,升,332033,千克,21234553
22083000,威士忌酒,451106,升,411843,千克,4646912
22084000,朗姆酒及蒸馏已发酵甘...,267,升,244,千克,5411
22085000,杜松子酒,23202,升,21373,千克,136511
22086000,伏特加酒,14077,升,12837,千克,66749
22087000,利口酒及柯迪尔酒,24814,升,22626,千克,138231
22089010,龙舌兰酒,10749,升,9791,千克,217618
22089020,白酒,1285187,升,1231813,千克,83654133
22089090,浓度＜80％的未改性...,778229,升,771456,千克,2880165
22090000,醋及用醋酸制得的醋代...,1960273,升,2033891,千克,2265535
23012090,其他非食用鱼、甲壳及...,44000,千克,0,—,361294
23021000,玉米的糠、麸及其他残...,1017220,千克,0,—,387074
23023000,小麦的糠、麸及其他残...,24802,千克,0,—,7885
23025000,豆类植物的糠、麸及其...,680207,千克,0,—,317959
23031000,制造淀粉过程中的残渣...,184336842,千克,0,—,41527422
23032000,甜菜渣、甘蔗渣及制糖...,442700,千克,0,—,180049
23040010,提炼豆油所得的油渣饼...,3372464,千克,0,—,2366362
23040090,提炼豆油所得的其他固...,181296096,千克,0,—,93152046
23063000,葵花子的油渣饼及其他...,603976,千克,0,—,270605
23064100,低芥子酸油菜子的油渣...,878822,千克,0,—,431731
23069000,未列名提炼植物或微生...,9036852,千克,0,—,2986610
23080000,动物饲料用未列名的植...,31380676,千克,0,—,8908570
23091010,零售包装狗食或猫食饲...,2857305,千克,0,—,5196732
23091090,其他零售包装的狗食或...,20935553,千克,0,—,104238707
23099010,制成的饲料添加剂,146445995,千克,0,—,133621850
23099090,未列名配制的动物饲料,21253821,千克,0,—,21840349
24011090,其他未去梗的烟草,150250,千克,0,—,193098
24012010,部分或全部去梗的烤烟,4876167,千克,0,—,19340002
24012090,其他部分或全部去梗的...,712800,千克,0,—,4691431
24013000,烟草废料,3030902,千克,0,—,1469156
24021000,烟草制的雪茄烟,18,千克,0,千支,24205
24022000,烟草制的卷烟,1507945,千克,1210374,千支,17987869
24031900,其他供吸用的烟草，不...,597150,千克,0,—,3529360
24041100,含烟草或再造烟草的非...,20652,千克,0,—,571513
24041200,其他含尼古丁的非经燃...,15919284,千克,0,—,602847908
24041910,其他含烟草代用品的非...,144,千克,0,—,5800
24041990,其他含尼古丁代用品的...,192479,千克,0,—,8541040
24049200,其他经皮肤摄入尼古丁...,250,千克,0,—,2792
25010011,食用盐,66883014,千克,0,—,5539281
25010019,其他盐,8423126,千克,0,—,907756
25010020,纯氯化钠,7087774,千克,0,—,1034893
25010030,海水,95800,千克,0,—,24851
25020000,未焙烧的黄铁矿,1137480,千克,0,—,344355
25030000,各种硫磺，但升华、沉...,320000,千克,0,—,69906
25041010,磷片天然石墨,4870739,千克,0,—,4812820
25041091,球化石墨,4061612,千克,0,—,10719516
25041099,其他粉末或粉片天然石...,1805440,千克,0,—,896007
25049000,天然石墨（粉末或粉片...,5872542,千克,0,—,2892761
25051000,硅砂及石英砂,3733400,千克,0,—,98068
25059000,其他天然砂,91858470,千克,0,—,1455536
25061000,石英,56943589,千克,0,—,11548905
25062000,石英岩,78814110,千克,0,—,2012065
25070010,高岭土,96985276,千克,0,—,14680487
25070090,高岭土的类似土（高岭...,8945433,千克,0,—,507866
25081000,膨润土,38585568,千克,0,—,6915556
25083000,耐火黏土,75968071,千克,0,—,23667578
25084000,其他黏土,2380734,千克,0,—,670406
25085000,红柱石、蓝晶石及硅线...,294840,千克,0,—,169370
25086000,富铝红柱石,9729965,千克,0,—,3058717
25087000,火泥及第纳斯土,1296645,千克,0,—,210286
25090000,白垩,48848,千克,0,—,9889
25101010,未碾磨磷灰石,10000151,千克,0,—,1955810
25102010,已碾磨磷灰石,225,千克,0,—,9105
25111000,天然硫酸钡（重晶石）,93850287,千克,0,—,15501916
25120010,硅藻土,3317653,千克,0,—,1647380
25120090,其他硅质化石粗粉及类...,209416,千克,0,—,192087
25131000,浮石,1835297,千克,0,—,388856
25132000,刚玉岩；天然刚玉砂；...,21548198,千克,0,—,4828850
25140000,板岩，不论是否粗加修...,894749,千克,0,—,370296
25151100,原状或粗加修整的大理...,308840,千克,0,—,65322
25151200,用锯或其他方法切割成...,3155713,千克,0,—,652518
25152000,其他石灰质碑用或建筑...,140330,千克,0,—,22617
25161100,原状或粗加修整的花岗...,6870066,千克,0,—,575692
25161200,仅用锯或其他方法切割...,163900,千克,0,—,29677
25162000,砂岩,138210,千克,0,—,54090
25169000,其他碑用或建筑用石,933085,千克,0,—,263315
25171000,通常作混凝土粒料、铺...,1227385025,千克,0,—,12034618
25172000,矿渣、浮渣及类似的工...,53750,千克,0,—,62406
25173000,沥青碎石,4549248,千克,0,—,836701
25174100,大理石的碎粒、碎屑及...,686652,千克,0,—,157061
25174900,品目2515及251...,1152762281,千克,0,—,8488973
25181000,未煅烧或烧结白云石,100085847,千克,0,—,2000593
25182000,已煅烧或烧结白云石,5176246,千克,0,—,622036
25191000,天然碳酸镁（菱镁矿）,218881000,千克,0,—,3162148
25199010,熔凝镁氧矿,50724410,千克,0,—,24986388
25199020,烧结镁氧矿（重烧镁）,104953221,千克,0,—,23367654
25199030,碱烧镁（轻烧镁）,105417287,千克,0,—,19366375
25199091,化学纯氧化镁,924267,千克,0,—,1452527
25199099,其他氧化镁,48673111,千克,0,—,7106664
25201000,生石膏；硬石膏,1977613,千克,0,—,406191
25202010,牙科用熟石膏,9455,千克,0,—,6374
25202090,其他熟石膏,3323789,千克,0,—,931119
25210000,石灰石助熔剂；通常用...,11679188,千克,0,—,220878
25221000,生石灰,29098460,千克,0,—,2595816
25222000,熟石灰,6633498,千克,0,—,800149
25231000,水泥熟料,44858141,千克,0,—,2900867
25232100,白水泥，不论是否人工...,37559295,千克,0,—,2063301
25232900,其他硅酸盐水泥,377007805,千克,0,—,21860108
25233000,矾土水泥,6520915,千克,0,—,3232916
25239000,其他水凝水泥,11488047,千克,0,—,935108
25249090,其他石棉,8275130,千克,0,—,1786241
25251000,原状云母及劈开的云母...,102295,千克,0,—,50184
25252000,云母粉,13423892,千克,0,—,3553786
25261020,未破碎及未研粉的滑石,10892320,千克,0,—,3388053
25262010,已破碎或已研粉的天然...,19500,千克,0,—,5220
25262020,已破碎或已研粉的滑石,44725279,千克,0,—,11046645
25280010,天然硼砂及其精矿(不...,83990,千克,0,—,53610
25280090,其他天然硼酸盐及其精...,94000,千克,0,—,55692
25291000,长石,24767435,千克,0,—,1289472
25292100,按重量计氟化钙含量≤...,9589140,千克,0,—,3724412
25292200,按重量计氟化钙含量＞...,1482600,千克,0,—,733118
25293000,白榴石；霞石及霞石正...,470295,千克,0,—,162695
25301010,未膨胀的绿泥石,7933565,千克,0,—,876016
25301020,未膨胀的蛭石、珍珠岩...,16240704,千克,0,—,2193777
25302000,硫镁矾矿及泻盐矿（天...,210869,千克,0,—,31343
25309010,矿物性药材,28363,千克,0,—,56640
25309091,硅灰石,14940228,千克,0,—,3367192
25309099,未列名矿产品,43139311,千克,0,—,6018623
26011110,平均粒度＜0.8mm...,54198861,千克,0,—,6485153
26011120,平均粒度≥0.8mm...,1877191306,千克,0,—,257291009
26011190,平均粒度≥6.3mm...,36676516,千克,0,—,4482758
26011200,已烧结的铁矿砂及其精...,167567697,千克,0,—,27226389
26020000,锰矿砂及其精矿,20320870,千克,0,—,4706152
26030000,铜矿砂及其精矿,1,千克,0,—,13
26060000,铝矿砂及其精矿,4108502,千克,0,—,1611906
26100000,铬矿砂及其精矿,1480396,千克,0,—,722971
26131000,已焙烧的钼矿砂及其精...,881452,千克,0,—,22044185
26139000,其他钼矿砂及其精矿,600436,千克,0,—,11261601
26140000,钛矿砂及其精矿,12055066,千克,0,—,9057802
26151000,锆矿砂及其精矿,422750,千克,0,—,876207
26180090,其他冶炼钢铁所产生的...,1097179010,千克,0,—,7588846
26190000,冶炼钢铁所产生的熔渣...,18510533,千克,0,—,926895
26203000,主要含铜的矿渣、矿灰...,54000,千克,0,—,11880
26204000,主要含铝的矿渣、矿灰...,100000,千克,0,—,41770
26209990,未列名含金属或金属化...,3122585,千克,0,—,1530702
26219000,其他矿渣及矿灰，包括...,189568169,千克,0,—,7387963
27011100,无烟煤,193790650,千克,0,—,40701030
27011210,炼焦煤,16128000,千克,0,—,3177055
27011290,其他烟煤,162492450,千克,0,—,30807774
27012000,煤砖、煤球及用煤制成...,3386507,千克,0,—,1932764
27021000,褐煤，不论是否粉化，...,239130,千克,0,—,50495
27022000,制成型的褐煤,2000,千克,0,—,400
27030000,泥煤（包括肥料用泥煤...,692000,千克,0,—,78582
27040010,焦炭及半焦炭,896349231,千克,0,—,236190417
27075000,其他芳烃混合物，根据...,1014340,千克,1377778,升,1244246
27079100,杂酚油,4033,千克,0,—,4311
27079910,酚,226000,千克,0,—,304220
27079990,其他蒸馏高温煤焦油所...,224340,千克,304803,升,253779
27081000,沥青,54015486,千克,0,—,42598974
27082000,沥青焦,56800,千克,0,—,53370
27090000,石油原油及从沥青矿物...,61928410,千克,410665,桶,32086150
27101210,车用汽油和航空汽油，...,1153648695,千克,1601264384,升,946651274
27101220,石脑油，不含有生物柴...,13186444,千克,18263225,升,9012934
27101230,橡胶溶剂油、油漆溶剂...,409711,千克,524839,升,506969
27101299,未列名轻油及其制品，...,133,千克,183,升,970
27101911,航空煤油，不含有生物...,1983109025,千克,2470953844,升,1588144516
27101922,5~7号燃料油，不含...,1315241681,千克,1334970472,升,808463739
27101923,"柴油,不含生物柴油",1416866553,千克,1666815069,升,1111280067
27101929,其他燃料油，不含生物...,98861413,千克,100348427,升,82741161
27101991,润滑油，不含有生物柴...,21790889,千克,24537313,升,40742520
27101992,润滑脂，不含有生物柴...,3023106,千克,3403391,升,6267044
27101993,润滑油基础油，不含有...,10432145,千克,11747021,升,8924998
27101994,液体石蜡和重质液体石...,897628,千克,0,—,1259480
27101999,其他重油；以石油及从...,1182978,千克,1202080,升,1806397
27109900,其他废油,464,千克,0,—,1235
27111100,液化天然气,32863862,千克,0,—,23316582
27111200,液化丙烷,26057046,千克,0,—,18388892
27111310,打火机用液化丁烷，容...,119316,千克,0,—,191685
27111390,其他液化丁烷,44465247,千克,0,—,31891825
27111990,未列名液化石油气及其...,271586,千克,0,—,162869
27112100,天然气,209637713,千克,0,—,108542978
27112900,气态石油气及其他烃类...,3243,千克,0,—,25883
27121000,凡士林,86738,千克,0,—,137221
27122000,石蜡，按重量计含油量...,67672035,千克,0,—,77374627
27129010,微晶石蜡,578254,千克,0,—,1058738
27129090,其他石蜡、矿物蜡及合...,9721192,千克,0,—,13633269
27131110,未煅烧石油焦，含硫量...,11767979,千克,0,—,3629175
27131190,其他未煅烧石油焦,12036370,千克,0,—,1771580
27131210,已煅烧石油焦，含硫量...,6403237,千克,0,—,6809708
27131290,其他已煅烧石油焦,70167043,千克,0,—,22045972
27132000,石油沥青,23560445,千克,0,—,16388969
27141000,沥青页岩、油页岩及焦...,200,千克,0,—,158
27149020,乳化沥青,82978,千克,0,—,86684
27150000,以天然沥青等为基本成...,709170,千克,745167,升,674132
27160000,电力,1687666386,千瓦时,0,—,136753837
28011000,氯,6000,千克,0,—,53100
28012000,碘,6550,千克,0,—,101213
28030000,碳（碳黑及其他编码未...,84528149,千克,0,—,109011465
28041000,氢,320,千克,3211,立方米,6480
28042100,氩,8558058,千克,4140555,立方米,2057859
28042900,其他稀有气体,48270,千克,142388,立方米,8756860
28043000,氮,123222,千克,102432,立方米,48001
28044000,氧,603861,千克,325430,立方米,214806
28045000,硼；碲,64475,千克,0,—,4928073
28046117,直径≥30cm经掺杂...,20434,千克,0,—,3293365
28046119,7.5cm≤直径＜3...,455458,千克,0,—,10432988
28046120,直径＜7.5cm经掺...,856,千克,0,—,250710
28046190,其他含硅量≥99.9...,1688549,千克,0,—,15800902
28046900,其他硅,63901418,千克,0,—,129643265
28047090,其他磷,94005,千克,0,—,606907
28048000,砷,203608,千克,0,—,129561
28049090,其他硒,17293,千克,0,—,618320
28051100,钠,548000,千克,0,—,1364659
28051200,钙,3112333,千克,0,—,10017507
28051910,锂,49891,千克,0,—,8249803
28051990,其他碱金属及碱土金属,165567,千克,0,—,1516991
28053011,钕，未相混合或相互熔...,1600,千克,0,—,160202
28053012,镝，未相混合或相互熔...,10,千克,0,—,4232
28053013,铽，未相混合或相互熔...,2769,千克,0,—,2684815
28053014,镧，未相互混合或相互...,487820,千克,0,—,1794411
28053015,铈，未相互混合或相互...,20000,千克,0,—,72370
28053016,镨，未相互混合或相互...,300,千克,0,—,32661
28053017,钇，未相互混合或相互...,6398,千克,0,—,323768
28053018,钪，未相互混合或相互...,5,千克,0,—,42037
28053019,其他稀土金属，未相混...,44269,千克,0,—,951126
28053029,其他稀土金属、钪及钇...,497210,千克,0,—,4247373
28061000,氯化氢（盐酸）,1689126,千克,0,—,1145847
28062000,氯磺酸,255800,千克,0,—,94646
28070000,硫酸；发烟硫酸,200414268,千克,0,—,2740334
28080000,硝酸；磺硝酸,2727895,千克,0,—,971561
28091000,五氧化二磷,1040200,千克,0,—,2415755
28092011,食品级磷酸,34618881,千克,0,—,32081984
28092019,其他磷酸及偏磷酸、焦...,51465019,千克,0,—,29882523
28092090,其他多磷酸,1950197,千克,0,—,2986879
28100010,硼的氧化物,107097,千克,0,—,314877
28100020,硼酸,300424,千克,0,—,398621
28111110,电子级氢氟酸,2677080,千克,0,—,3110493
28111190,其他氟化氢（氢氟酸）,20325269,千克,0,—,29743010
28111990,未列名无机酸,11150560,千克,0,—,13239175
28112100,二氧化碳,7872311,千克,0,—,1317584
28112210,硅胶,10612985,千克,0,—,11858457
28112290,其他二氧化硅,101747894,千克,0,—,64355038
28112900,未列名非金属无机氧化...,5521638,千克,0,—,10288115
28121200,氧氯化磷,733076,千克,0,—,1169715
28121300,三氯化磷,1667500,千克,0,—,2148225
28121910,其他非金属氯化物,159320,千克,0,—,848550
28129011,三氟化氮,329001,千克,0,—,5756968
28129012,六氟化硫,551322,千克,0,—,3693873
28129019,其他氟化物及氟氧化物,73962,千克,0,—,640706
28129090,未列名非金属卤化物及...,29599,千克,0,—,390322
28131000,二硫化碳,107000,千克,0,—,79382
28139000,未列名非金属硫化物；...,996642,千克,0,—,3010803
28141000,氨,1262490,千克,0,—,1128851
28142000,氨水,570805,千克,0,—,191068
28151100,固体氢氧化钠,49237489,千克,0,—,24125549
28151200,氢氧化钠水溶液,170401046,千克,0,—,53006699
28152000,氢氧化钾（苛性钾）,10351200,千克,0,—,8700042
28153000,过氧化钠及过氧化钾,2180,千克,0,—,98831
28161000,氢氧化镁及过氧化镁,1762282,千克,0,—,1692622
28164000,锶或钡的氧化物、氢氧...,1390720,千克,0,—,2169433
28170010,氧化锌,905164,千克,0,—,2183982
28181010,棕刚玉,42584046,千克,0,—,31521903
28181090,其他人造刚玉，不论是...,41871738,千克,0,—,36120069
28182000,氧化铝，但人造刚玉除...,144116661,千克,0,—,74064406
28183000,氢氧化铝,37313552,千克,0,—,21643114
28191000,三氧化铬,627804,千克,0,—,1738880
28199000,未列名铬的氧化物及氢...,606461,千克,0,—,2735610
28201000,二氧化锰,3656457,千克,0,—,8117319
28209000,未列名锰的氧化物,624762,千克,0,—,992201
28211000,铁的氧化物及氢氧化物,34300721,千克,0,—,34069197
28212000,土色料，按重量计三氧...,49500,千克,0,—,52967
28220010,四氧化三钴,450476,千克,0,—,8531908
28220090,未列名钴的氧化物及氢...,173085,千克,0,—,2848866
28230000,钛的氧化物,4656219,千克,0,—,9830498
28241000,氧化铅（铅黄、黄丹）,92000,千克,0,—,214602
28249010,铅丹及铅橙,268500,千克,0,—,625045
28251010,水合肼,1062122,千克,0,—,2313306
28251020,硫酸羟胺,866250,千克,0,—,1444021
28251090,未列名肼（联氨）、胲...,378585,千克,0,—,819423
28252010,氢氧化锂,12840104,千克,0,—,255978646
28252090,未列名锂的氧化物及氢...,10,千克,0,—,1809
28253010,五氧化二钒,338980,千克,0,—,3713484
28254000,镍的氧化物有氢氧化物,3801751,千克,0,—,66374720
28255000,铜的氧化物及氢氧化物,114831,千克,0,—,1397406
28256000,锗的氧化物及二氧化锆,1687453,千克,0,—,11597620
28257000,钼的氧化物及氢氧化物,484475,千克,0,—,17807956
28258000,锑的氧化物,3638908,千克,0,—,39781637
28259012,三氧化钨,341197,千克,0,—,10303485
28259019,未列名钨的氧化物及氢...,57500,千克,0,—,1707166
28259021,三氧化二铋,800720,千克,0,—,6029751
28259029,未列名铋的氧化物及氢...,11000,千克,0,—,107400
28259031,二氧化锡,20000,千克,0,—,488066
28259049,其他铌的氧化物及氢氧...,4620,千克,0,—,261787
28259090,未列名无机碱、金属氧...,353505,千克,0,—,4017496
28261210,无水氟化铝,7598210,千克,0,—,9817411
28261290,其他氟化铝,178800,千克,0,—,237494
28261910,铵的氟化物,1738146,千克,0,—,2686826
28261920,钠的氟化物,782750,千克,0,—,1107974
28261930,六氟化钨,50030,千克,0,—,2472742
28261990,未列名氟化物,584994,千克,0,—,4898641
28263000,六氟铝酸钠（人造冰晶...,721524,千克,0,—,682455
28269010,氟硅酸盐,2250585,千克,0,—,1325683
28269020,六氟磷酸锂,2205111,千克,0,—,22104215
28269090,未列名氟铝酸盐及其他...,3757316,千克,0,—,7883983
28271010,肥料用氯化铵,127703550,千克,0,—,12828187
28271090,非肥料用氯化铵,3961298,千克,0,—,992479
28272000,氯化钙,78172152,千克,0,—,15696989
28273100,氯化镁,13487614,千克,0,—,2013455
28273200,氯化铝,1974726,千克,0,—,645595
28273500,氯化镍,10991,千克,0,—,69180
28273910,氯化锂,36214,千克,0,—,512167
28273920,氯化钡,2476551,千克,0,—,1762794
28273930,氯化钴,218200,千克,0,—,1269786
28273990,未列名氯化物,6834530,千克,0,—,7836504
28274100,铜的氯氧化物及氢氧基...,429000,千克,0,—,2463367
28274910,锆的氯氧化物及氢氧基...,3841386,千克,0,—,8615258
28274990,其他氯氧化物及氢氧基...,145771,千克,0,—,463536
28275100,溴化钠及溴化钾,4118508,千克,0,—,5823625
28275900,其他溴化物及溴氧化物,1126222,千克,0,—,2916096
28276000,碘化物及碘氧化物,14347,千克,0,—,1961059
28281000,商品次氯酸钙及其他钙...,14022229,千克,0,—,15523367
28289000,亚氯酸盐；次溴酸盐及...,12135220,千克,0,—,5017110
28291100,氯酸钠,4933000,千克,0,—,3352714
28291910,氯酸钾（洋硝）,1427000,千克,0,—,1816427
28291990,未列名氯酸盐,40000,千克,0,—,59136
28299000,其他高（氯，碘）酸盐...,1100600,千克,0,—,2797513
28301010,硫化钠,11449250,千克,0,—,5616020
28301090,钠的其他硫化物,8787750,千克,0,—,3895833
28309090,未列名硫化物；多硫化...,51314,千克,0,—,1250941
28311010,钠的连二亚硫酸盐,10448905,千克,0,—,8220448
28311020,钠的次硫酸盐,382190,千克,0,—,783401
28319000,其他连二亚硫酸盐及次...,749925,千克,0,—,1435489
28321000,钠的亚硫酸盐,39819826,千克,0,—,13342849
28322000,其他亚硫酸盐,7025,千克,0,—,29004
28323000,硫代硫酸盐,6140074,千克,0,—,1609984
28331100,硫酸二钠,428259709,千克,0,—,26859845
28331900,钠的其他硫酸盐,430044,千克,0,—,276685
28332100,硫酸镁,114041031,千克,0,—,12858657
28332200,硫酸铝,13910597,千克,0,—,2208401
28332400,镍的硫酸盐,1017246,千克,0,—,3818416
28332500,铜的硫酸盐,860866,千克,0,—,2161106
28332700,硫酸钡,12997133,千克,0,—,5740108
28332910,硫酸亚铁,46325810,千克,0,—,5238803
28332920,铬的硫酸盐,36201,千克,0,—,32959
28332930,硫酸锌,16288041,千克,0,—,13157211
28332990,未列名硫酸盐,18729996,千克,0,—,16148209
28333010,钾铝矾,572225,千克,0,—,182714
28333090,其他矾,387880,千克,0,—,168145
28334000,过硫酸盐,4422620,千克,0,—,4021705
28341000,亚硝酸盐,4483500,千克,0,—,2230484
28342110,肥料用硝酸钾,7379000,千克,0,—,5802167
28342190,非肥料用硝酸钾,2652000,千克,0,—,2609508
28342910,硝酸钴,14000,千克,0,—,139230
28342990,未列名硝酸盐,34514430,千克,0,—,10246231
28351000,次磷酸盐及亚磷酸盐,5029264,千克,0,—,11004401
28352200,磷酸一钠及磷酸二钠,2563157,千克,0,—,3583098
28352400,钾的磷酸盐,16829628,千克,0,—,20690263
28352510,饲料级的正磷酸氢钙（...,18052150,千克,0,—,7088761
28352520,食品级的正磷酸氢钙（...,1841779,千克,0,—,2819416
28352590,其他正磷酸氢钙（磷酸...,8492350,千克,0,—,2940868
28352600,其他磷酸钙,53526504,千克,0,—,30395993
28352910,磷酸三钠,1830454,千克,0,—,1089386
28352990,其他磷酸盐,858603,千克,0,—,2101316
28353110,食品级的三磷酸钠（三...,10361362,千克,0,—,12941982
28353190,其他三磷酸钠（三聚磷...,7496695,千克,0,—,7462750
28353911,食品级的六偏磷酸钠,2706941,千克,0,—,3722488
28353919,其他六偏磷酸钠,4150229,千克,0,—,4905703
28353990,其他多磷酸盐,13828752,千克,0,—,23353742
28362000,碳酸钠（纯碱）,99865581,千克,0,—,26510210
28363000,碳酸氢钠（小苏打）,64623874,千克,0,—,15397758
28364000,钾的碳酸盐,2659984,千克,0,—,2722090
28365000,碳酸钙,13472718,千克,0,—,5320031
28366000,碳酸钡,8027080,千克,0,—,5613008
28369100,锂的碳酸盐,322066,千克,0,—,6815755
28369200,锶的碳酸盐,487150,千克,0,—,778225
28369910,碳酸镁,709740,千克,0,—,1050305
28369930,碳酸钴,78500,千克,0,—,895907
28369940,商品碳酸铵及其他铵的...,26547925,千克,0,—,7189531
28369950,碳酸锆,1553083,千克,0,—,4737128
28369990,未列名碳酸盐；过碳酸...,11991348,千克,0,—,12685545
28371110,氰化钠,21802200,千克,0,—,48132440
28371910,氰化钾,110,千克,0,—,107800
28372000,氰络合物,876806,千克,0,—,1503197
28391100,偏硅酸钠,9290002,千克,0,—,3173542
28391910,硅酸钠,21299371,千克,0,—,6448154
28391990,其他钠盐,18004,千克,0,—,33814
28399000,其他硅酸盐、商品碱金...,3267028,千克,0,—,4194104
28401100,无水四硼酸钠,21900,千克,0,—,40591
28401900,其他四硼酸钠,507405,千克,0,—,434647
28402000,其他硼酸盐,755625,千克,0,—,1875981
28403000,过硼酸盐,178500,千克,0,—,223676
28413000,重铬酸钠,24000,千克,0,—,38225
28415000,其他铬酸盐及重铬酸盐...,84000,千克,0,—,237555
28416100,高锰酸钾,826650,千克,0,—,1618222
28416910,锰酸锂,220135,千克,0,—,1755172
28416990,其他亚锰酸盐、锰酸盐...,779077,千克,0,—,1493777
28417010,钼酸铵,57000,千克,0,—,1764409
28417090,其他钼酸盐,53100,千克,0,—,992066
28418010,仲钨酸铵,33000,千克,0,—,894621
28418020,钨酸钠,500,千克,0,—,11750
28418040,偏钨酸铵,104934,千克,0,—,3045705
28419000,其他金属酸盐及过金属...,4475787,千克,0,—,12394649
28421000,硅酸复盐及硅酸络盐,217840,千克,0,—,711416
28429011,硫氰酸钠,1881493,千克,0,—,1915983
28429019,其他雷酸盐、氰酸盐及...,792183,千克,0,—,792170
28429020,碲化镉,120000,千克,0,—,8784008
28429030,锂镍钴锰氧化物,6946723,千克,0,—,194208625
28429040,磷酸铁锂,142458,千克,0,—,1407179
28429050,硒酸盐及亚硒酸盐,43350,千克,0,—,490946
28429060,锂镍钴铝氧化物,320403,千克,0,—,7814151
28429090,未列名无机酸盐及过氧...,534066,千克,0,—,1636700
28431000,胶态贵金属,1705,克,0,—,2084
28432900,其他银化合物,730,克,0,—,1806
28433000,金化合物,571602,克,0,—,78160
28439000,其他贵金属的无机及有...,928744,克,0,—,4748674
28442000,铀235浓缩铀、钚及...,49029326,克,3542000,百万贝可,33148733
28444100,氚及其化合物、合金、...,250,克,120000,百万贝可,4620
28444390,未列名放射性元素、同...,1058030,克,6774,百万贝可,167408
28444400,放射性残渣,300,克,53650000,百万贝可,300
28459000,品目2844以外的其...,1686089,克,0,百万贝可,15858071
28461010,氧化铈,329014,千克,0,—,643941
28461020,氢氧化铈,20025,千克,0,—,67566
28461030,碳酸铈,365350,千克,0,—,293742
28461090,其他铈的化合物,344504,千克,0,—,286941
28469011,氧化钇,160080,千克,0,—,1413178
28469012,氧化镧,688003,千克,0,—,605646
28469013,氧化钕,35000,千克,0,—,2130708
28469014,氧化铕,400,千克,0,—,11832
28469015,氧化镝,22497,千克,0,—,7608392
28469016,氧化铽,15585,千克,0,—,14317294
28469017,氧化镨,14150,千克,0,—,846847
28469018,氧化镥,6020,千克,0,—,5230701
28469019,未列名氧化稀土,524335,千克,0,—,13413040
28469023,氯化镧,162000,千克,0,—,132606
28469028,混合氯化稀土,100000,千克,0,—,30400
28469029,其他氯化稀土,180031,千克,0,—,166710
28469032,氟化镝,200,千克,0,—,49200
28469034,氟化钕,7350,千克,0,—,326634
28469035,氟化镨,50,千克,0,—,2650
28469036,氟化钇,1000,千克,0,—,63340
28469039,其他氟化稀土,37375,千克,0,—,184127
28469041,碳酸镧,473548,千克,0,—,1366381
28469046,碳酸钇,136000,千克,0,—,434161
28469091,镧的其他化合物,10410,千克,0,—,53417
28469096,钇的其他化合物,4523,千克,0,—,51855
28469099,未列名稀土金属及其混...,11798,千克,0,—,1384135
28470000,过氧化氢，不论是否用...,2882830,千克,0,—,1174277
28491000,碳化钙,12309825,千克,0,—,7780424
28492000,碳化硅,28860802,千克,0,—,30948292
28499010,碳化硼,306350,千克,0,—,4566476
28499020,碳化钨,374271,千克,0,—,15097536
28499090,未列名碳化物,57395,千克,0,—,943466
28500011,氮化锰,1012000,千克,0,—,1926285
28500012,氮化硼,14950,千克,0,—,1757299
28500019,其他氮化物,2691172,千克,0,—,4959030
28500090,氢化物、叠氮化物、硅...,525490,千克,0,—,9522231
28539010,饮用蒸馏水,85697,千克,0,—,24268
28539030,镍钴锰氢氧化物,12438788,千克,0,—,149527537
28539040,磷化物，不论是否已有...,5,千克,0,—,106539
28539050,镍钴铝氢氧化物,832750,千克,0,—,15266180
28539090,其他无机化合物；液态...,2983544,千克,0,—,1754906
29011000,饱和无环烃,3579592,千克,0,—,5858892
29012100,乙烯,5783373,千克,0,—,5170944
29012200,丙烯,14150124,千克,0,—,13682897
29012310,1-丁烯,2030131,千克,0,—,2081448
29012410,"1,3-丁二烯",19659724,千克,0,—,24240962
29012420,异戊二烯,1370000,千克,0,—,1586362
29012910,异戊烯,696580,千克,0,—,965512
29012920,乙炔,100467,千克,0,—,446431
29012990,未列名不饱和无环烃,1728105,千克,0,—,4037458
29021100,环已烷,4075058,千克,0,—,4017543
29021910,蒎烯,1221780,千克,0,—,3112045
29021920,4-烷基-4'-烷基...,2768,千克,0,—,646923
29021990,其他环烷烃；其他环烯...,9770195,千克,0,—,17155306
29022000,苯,19072,千克,0,—,130386
29023000,甲苯,70139908,千克,0,—,61965584
29024100,邻二甲苯,7337060,千克,0,—,7489091
29024200,间二甲苯,569800,千克,0,—,656620
29024400,混合二甲苯异构体,1194454,千克,0,—,1347199
29025000,苯乙烯,40845341,千克,0,—,46012411
29026000,乙苯,95200,千克,0,—,146316
29029010,四氢萘,4001,千克,0,—,20640
29029020,精萘,2397472,千克,0,—,2268561
29029040,4-（4'-烷基环己...,3568,千克,0,—,1025297
29029050,1-烷基-4-（4-...,535,千克,0,—,284196
29029090,未列名环烃,3662687,千克,0,—,12290165
29031100,一氯甲烷及氯乙烷,645680,千克,0,—,354212
29031200,二氯甲烷,22112921,千克,0,—,9033667
29031300,氯仿（三氯甲烷）,284510,千克,0,—,119403
29031500,1，2-二氯乙烷（I...,252000,千克,0,—,169781
29031990,未列名无环烃的饱和氯...,1250749,千克,0,—,3279547
29032100,氯乙烯,18030648,千克,0,—,9715343
29032200,三氯乙烯,2115000,千克,0,—,1585776
29032300,四氯乙烯（全氯乙烯）,1651770,千克,0,—,1311377
29032910,3-氯-1-丙烯（氯...,426492,千克,0,—,515470
29032990,其他无环烃的不饱和氯...,2283937,千克,0,—,7090527
29034100,三氟甲烷（HFC-2...,92909,千克,0,—,1091465
29034200,二氟甲烷（HFC-3...,4474731,千克,0,—,10850919
29034300,"一氟甲烷、1,2-二...",3518994,千克,0,—,7986297
29034400,"五氟乙烷、1,1,1...",1505610,千克,0,—,5303599
29034500,"1,1,1,2-四氟...",9909760,千克,0,—,37872716
29034600,"1,1,1,2,3,...",158695,千克,0,—,1130565
29034700,"1,1,1,3,3-...",516150,千克,0,—,4321708
29034900,其他无环烃的饱和氟化...,196427,千克,0,—,2644594
29035100,"2,3,3,3-四氟...",1091544,千克,0,—,22518690
29035990,其他无环烃的不饱和氟...,859742,千克,0,—,5447220
29036100,甲基溴（溴甲烷）,44832,千克,0,—,309742
29036900,其他无环烃的溴化或碘...,627875,千克,0,—,3836462
29037100,一氯二氟甲烷（HCF...,7339217,千克,0,—,16250103
29037200,二氯三氟乙烷（HCF...,161000,千克,0,—,1063070
29037300,二氯一氟乙烷（HCF...,274488,千克,0,—,685699
29037400,一氯二氟乙烷（HCF...,400000,千克,0,—,831286
29037790,仅含氟和氯的其他无环...,284020,千克,0,—,2474817
29037990,其他含有两种或两种以...,1600108,千克,0,—,10969550
29038900,其他环烷烃、环烯烃或...,212579,千克,0,—,3039254
29039110,邻二氯苯,43750,千克,0,—,57825
29039190,氯苯、对二氯苯,3005500,千克,0,—,3419571
29039910,对氯甲苯,64000,千克,0,—,70055
29039920,"3,4-二氯三氟甲苯",20000,千克,0,—,59339
29039930,4-(4'-烷基苯基...,11,千克,0,—,8167
29039990,其他芳烃卤化衍生物,7572328,千克,0,—,34506898
29041000,仅含磺基的衍生物及其...,2265849,千克,0,—,5877457
29042020,硝基甲苯,270300,千克,0,—,549146
29042030,二硝基甲苯,39600,千克,0,—,293262
29042090,其他仅含硝基或亚硝基...,602239,千克,0,—,1832558
29049100,三氯硝基甲烷（氯化苦...,44000,千克,0,—,148607
29049900,其他烃的磺化、硝化或...,6758593,千克,0,—,16203905
29051100,甲醇,276255,千克,0,—,147785
29051210,丙醇,1380675,千克,0,—,1528638
29051220,异丙醇,21331972,千克,0,—,23046832
29051300,正丁醇,310080,千克,0,—,411181
29051410,异丁醇,119455,千克,0,—,164424
29051420,仲丁醇,95700,千克,0,—,118322
29051430,叔丁醇,3585929,千克,0,—,3089852
29051610,正辛醇,1049999,千克,0,—,1817482
29051690,其他辛醇及其异构体,4224675,千克,0,—,6632228
29051700,十二醇、十六醇及十八...,198545,千克,0,—,360912
29051990,未列名饱和一元醇,12626604,千克,0,—,17373713
29052210,香叶醇、橙花醇（3，...,156638,千克,0,—,1416562
29052220,香茅醇（3，7-二甲...,197264,千克,0,—,1446135
29052230,芳樟醇,455886,千克,0,—,3803104
29052290,其他无环萜烯醇,165406,千克,0,—,1065403
29052900,其他不饱和一元醇,1590792,千克,0,—,9335086
29053100,1，2-乙二醇,29340032,千克,0,—,17562299
29053200,丙二醇,24629629,千克,0,—,27251906
29053910,2，5-二甲基已二醇,258669,千克,0,—,1129724
29053990,未列名二元醇,27744540,千克,0,—,39372032
29054100,2-乙基-2（羟甲基...,4164323,千克,0,—,5537688
29054200,季戊四醇,7604953,千克,0,—,10388330
29054300,甘露糖醇,2374615,千克,0,—,7046507
29054400,山梨醇,22444249,千克,0,—,16779525
29054500,丙三醇（甘油）,381421,千克,0,—,668011
29054910,木糖醇,6462908,千克,0,—,18155739
29054990,其他多元醇,6047756,千克,0,—,10456547
29055900,其他无环醇卤化、磺化...,3799276,千克,0,—,6255626
29061100,薄荷醇,1713618,千克,0,—,20905804
29061200,环已醇、甲基环已醇及...,47086,千克,0,—,156764
29061310,固醇,68042,千克,0,—,3892432
29061320,肌醇,1328583,千克,0,—,9927761
29061910,萜品醇,756531,千克,0,—,3003439
29061990,其他环烷醇、环烯醇及...,1011777,千克,0,—,12784217
29062100,苄醇,4388591,千克,0,—,7664232
29062910,2-苯基乙醇,1138972,千克,0,—,3425941
29062990,其他芳香醇,724565,千克,0,—,11249417
29071110,苯酚,1787840,千克,0,—,1849994
29071190,苯酚盐,35502,千克,0,—,351883
29071211,间甲酚,365800,千克,0,—,1047051
29071212,邻甲酚,479340,千克,0,—,815623
29071219,其他甲酚,317000,千克,0,—,578013
29071290,甲酚盐,73100,千克,0,—,265578
29071310,壬基酚,326300,千克,0,—,524922
29071390,辛基酚及其异构体和盐...,166765,千克,0,—,306383
29071510,β-萘酚（2-萘酚）,1410365,千克,0,—,2331433
29071590,其他萘酚及萘酚盐,162410,千克,0,—,569756
29071910,邻仲丁基酚、邻异丙基...,35640,千克,0,—,88932
29071990,未列名一元酚,4082780,千克,0,—,13041708
29072100,间苯二酚,614308,千克,0,—,3143201
29072210,对苯二酚,365104,千克,0,—,1841451
29072290,对苯二酚盐,28510,千克,0,—,670603
29072300,4，4’-异亚丙基联...,1080284,千克,0,—,1314331
29072910,邻苯二酚,45252,千克,0,—,67050
29072990,未列名多元酚；酚醇,475405,千克,0,—,7432275
29081910,对氯苯酚,340450,千克,0,—,576331
29081990,其他仅含卤素取代基的...,1080074,千克,0,—,2287174
29089910,对硝基酚、对硝基酚钠,35750,千克,0,—,143045
29089990,未列名酚及酚醇的卤、...,148993,千克,0,—,1950291
29091100,乙醚,65220,千克,0,—,213748
29091910,甲醚,571769,千克,0,—,588716
29091990,其他无环醚及其卤、磺...,373109820,千克,0,—,330276654
29092000,环（烷、烯或萜烯）醚...,90829,千克,0,—,1932707
29093020,4-(4-烷氧基苯基...,42,千克,0,—,75736
29093090,其他芳香醚及其卤化、...,2830002,千克,0,—,21466284
29094100,2，2-氧联二乙醇（...,5144716,千克,0,—,4683477
29094300,乙二醇或二甘醇的单丁...,647689,千克,0,—,1176280
29094400,乙二醇或二甘醇的其他...,1516688,千克,0,—,2310628
29094990,未列名醚醇及其卤、磺...,13936612,千克,0,—,22752339
29095000,醚酚、醚醇酚及其卤、...,142289,千克,0,—,1670243
29096090,过氧化醇、过氧化醚、...,6126056,千克,0,—,23517831
29101000,环氧乙烷（氧化乙烯）,27468,千克,0,—,53476
29102000,甲基环氧乙烷（氧化丙...,10561754,千克,0,—,10855764
29103000,1-氯-2，3-环氧...,3782125,千克,0,—,4419745
29109000,其他三节环环氧化物、...,2405440,千克,0,—,10132774
29110000,缩醛及半缩醛及其卤、...,134195,千克,0,—,788762
29121100,甲醛,190031,千克,0,—,99136
29121900,未列名不含其他含氧基...,8139744,千克,0,—,15022228
29122100,苯甲醛,909624,千克,0,—,2474334
29122910,铃兰醛（对叔丁基-α...,164941,千克,0,—,890884
29122990,未列名不含其他含氧基...,791998,千克,0,—,7100982
29124100,香草醛（3-甲氧基-...,1789828,千克,0,—,20354906
29124200,乙基香草醛（3-乙氧...,710175,千克,0,—,5935263
29124910,醛醇,89624,千克,0,—,1566077
29124990,未列名醛醚、醛酚及含...,389950,千克,0,—,3453131
29125000,环聚醛,152005,千克,0,—,540620
29126000,多聚甲醛,6242000,千克,0,—,4333253
29130000,2912产品的卤化、...,433121,千克,0,—,2864949
29141100,丙酮,1703805,千克,0,—,1849969
29141200,丁酮（甲基乙基（甲）...,16890021,千克,0,—,16820140
29141300,4-甲基-2-戊酮（...,72150,千克,0,—,151818
29141900,未列名不含其他含氧基...,1873701,千克,0,—,6409743
29142200,环已酮及甲基环已酮,6692212,千克,0,—,8611576
29142300,芷香酮及甲基芷香酮,335969,千克,0,—,4180226
29142910,樟脑,685059,千克,0,—,3273198
29142990,未列名不含其他含氧基...,3006724,千克,0,—,24926622
29143910,苯乙酮,466577,千克,0,—,895781
29143990,未列名不含其他含氧基...,1822496,千克,0,—,9516121
29144000,酮醇及酮醛,1175528,千克,0,—,5270093
29145011,覆盆子酮,180125,千克,0,—,3609213
29145019,其他酮酚,73747,千克,0,—,1032933
29145020,2-羟基-4-甲氧基...,58460,千克,0,—,1095146
29145090,未列名含有其他含氧基...,1409514,千克,0,—,14224410
29146100,蒽醌,196825,千克,0,—,989661
29146200,辅酶Q10（癸烯醌（...,137892,千克,0,—,20993769
29146900,未列名醌,455878,千克,0,—,4956347
29147900,其他酮及醌的卤化、磺...,1676616,千克,0,—,19290041
29151100,甲酸,26070611,千克,0,—,13366989
29151200,甲酸盐,26314795,千克,0,—,12119660
29151300,甲酸酯,105394,千克,0,—,545422
29152111,食品级冰乙酸,153280,千克,0,—,186398
29152119,其他冰乙酸,101642483,千克,0,—,36529571
29152190,乙酸（冰乙酸除外）,5485528,千克,0,—,2972788
29152400,乙酸酐,1660461,千克,0,—,1265999
29152910,乙酸钠,2841567,千克,0,—,2576949
29152990,其他乙酸盐,3159614,千克,0,—,4852251
29153100,乙酸乙酯,43079997,千克,0,—,34449319
29153200,乙酸乙烯酯,2202452,千克,0,—,1939953
29153300,乙酸（正）丁酯,20520545,千克,0,—,21138851
29153900,未列名乙酸酯,163307081,千克,0,—,130113019
29154000,一氯代乙酸、二氯乙酸...,7324135,千克,0,—,3630298
29155010,丙酸,3202156,千克,0,—,2692271
29155090,丙酸盐和酯,5362798,千克,0,—,7475247
29156000,丁酸、戊酸及其盐和酯,7952136,千克,0,—,16862575
29157010,硬脂酸,189374,千克,0,—,331044
29157090,棕榈酸及其盐和酯、硬...,1642388,千克,0,—,3220134
29159000,其他饱和无环一元羧酸...,8347237,千克,0,—,28471010
29161100,丙烯酸及其盐,7247394,千克,0,—,6290935
29161210,丙烯酸甲酯,1198880,千克,0,—,1281542
29161220,丙烯酸乙酯,2748900,千克,0,—,3259174
29161230,丙烯酸丁酯,21663021,千克,0,—,24833138
29161240,丙烯酸异辛酯,3264172,千克,0,—,5447811
29161290,其他丙烯酸酯,7101070,千克,0,—,16997513
29161300,甲基丙烯酸及其盐,1627120,千克,0,—,3539343
29161400,甲基丙烯酸酯,31743515,千克,0,—,57454716
29161500,油酸、亚油酸或亚麻酸...,991865,千克,0,—,1874011
29161900,其他不饱和无环一元羧...,9863336,千克,0,—,26045819
29162010,二溴菊酸、DV菊酸甲...,0,千克,0,—,3
29162090,其他环烷（烯，萜烯）...,939723,千克,0,—,15695394
29163100,苯甲酸及其盐和酯,16656711,千克,0,—,20107210
29163200,过氧化苯甲酰及苯甲酰...,1631780,千克,0,—,2725349
29163400,苯乙酸及其盐,100,千克,0,—,3379
29163910,邻甲基苯甲酸,64014,千克,0,—,189830
29163920,布洛芬,651916,千克,0,—,8065333
29163990,未列名芳香一元羧酸及...,2462003,千克,0,—,24892412
29171110,草酸,35787402,千克,0,—,17192891
29171190,其他草酸盐和酯,664930,千克,0,—,1507376
29171200,己二酸及其盐和酯,53109659,千克,0,—,68975694
29171310,癸二酸及其盐和酯,6612416,千克,0,—,23454182
29171390,壬二酸及其盐和酯,19820,千克,0,—,523653
29171400,马来酐,21014950,千克,0,—,18318038
29171900,其他无环多元羧酸及其...,12641554,千克,0,—,33366675
29172010,四氢苯酐,675046,千克,0,—,1284189
29172090,其他环烷（烯，萜烯）...,6029935,千克,0,—,13392805
29173200,邻苯二甲酸二辛酯,7944200,千克,0,—,11961733
29173300,邻苯二甲酸二壬酯及邻...,5479660,千克,0,—,8383480
29173410,邻苯二甲酸二丁酯,596400,千克,0,—,835583
29173490,其他邻苯二甲酸酯,3098304,千克,0,—,4825711
29173500,邻苯二甲酸酐,9601500,千克,0,—,9539259
29173611,精对苯二甲酸,457236548,千克,0,—,345638352
29173619,其他对苯二甲酸,803,千克,0,—,1379
29173690,对苯二甲酸盐,42000,千克,0,—,70991
29173700,对苯二甲酸二甲酯,709380,千克,0,—,1232612
29173910,间苯二甲酸,1936058,千克,0,—,2225914
29173990,其他芳香多元羧酸及其...,20520014,千克,0,—,44160104
29181100,乳酸及其盐和酯,10714240,千克,0,—,13904282
29181200,酒石酸,5261300,千克,0,—,10237534
29181300,酒石酸盐及酒石酸酯,145891,千克,0,—,575585
29181400,柠檬酸,115644309,千克,0,—,79949322
29181500,柠檬酸盐及柠檬酸酯,28942658,千克,0,—,26582944
29181600,葡糖酸及其盐和酯,27348409,千克,0,—,17028076
29181900,其他含醇基但不含其他...,4044963,千克,0,—,26620917
29182110,水杨酸、水杨酸钠,2751309,千克,0,—,4923921
29182190,其他水杨酸盐,45350,千克,0,—,415947
29182210,邻乙酰水杨酸（阿斯匹...,669795,千克,0,—,2063497
29182290,邻乙酰水杨酸盐和酯,500,千克,0,—,5975
29182300,水杨酸的其他酯及其盐,2814634,千克,0,—,10902816
29182900,其他含酚基羧酸等及其...,6696837,千克,0,—,26811129
29183000,含醛基或酮基的羧酸等...,6477690,千克,0,—,31133877
29189900,其他含附加含氧基羧酸...,11502332,千克,0,—,44434417
29199000,其他磷酸脂及盐和卤、...,29873080,千克,0,—,48995734
29201900,其他硫代磷酸酯及盐和...,2107786,千克,0,—,6165194
29202100,亚磷酸二甲酯,26560,千克,0,—,69426
29202300,亚磷酸三甲酯,9000,千克,0,—,37690
29202400,亚磷酸三乙酯,16000,千克,0,—,70492
29202910,其他亚磷酸酯,4299601,千克,0,—,11462936
29202990,亚磷酸酯的盐，以及亚...,244575,千克,0,—,639294
29209000,未列名非金属无机酸酯...,37480735,千克,0,—,36426095
29211100,甲胺、二甲胺或三甲胺...,344802,千克,0,—,369910
29211910,二正丙胺,12300,千克,0,—,26849
29211920,异丙胺,3423670,千克,0,—,4128957
29211990,未列名无环单胺及其衍...,15256298,千克,0,—,36798523
29212110,乙二胺,2156235,千克,0,—,2994595
29212190,乙二胺盐,208716,千克,0,—,993834
29212290,六亚甲基二胺及其未列...,1296531,千克,0,—,3795839
29212900,其他无环多胺及其衍生...,3562446,千克,0,—,13190342
29213000,环（烷、烯、萜烯）单...,6252839,千克,0,—,27865003
29214110,苯胺,23276865,千克,0,—,29944830
29214190,苯胺盐,50,千克,0,—,599
29214200,苯胺衍生物及其盐,12668643,千克,0,—,34001767
29214300,甲苯胺及其衍生物以及...,1602488,千克,0,—,9718714
29214400,二苯胺及其衍生物以及...,7109671,千克,0,—,16326200
29214500,1-萘胺、2-萘胺及...,1069347,千克,0,—,2859942
29214920,二甲基苯胺,374256,千克,0,—,1042864
29214990,未列名芳香单胺及其衍...,1380453,千克,0,—,17331539
29215110,邻苯二胺,514425,千克,0,—,1522446
29215190,间-、对-苯二胺、二...,12696208,千克,0,—,43454015
29215900,其他芳香多胺及其衍生...,2951893,千克,0,—,13619762
29221100,单乙醇胺及其盐,9688828,千克,0,—,11882693
29221200,二乙醇胺及其盐,766970,千克,0,—,789052
29221500,三乙醇胺,17600,千克,0,—,27808
29221700,甲基二乙醇胺和乙基二...,275800,千克,0,—,466768
29221910,乙胺丁醇,2500,千克,0,—,82500
29221921,二甲氨基乙醇及其质子...,361987,千克,0,—,1508030
29221922,二乙氨基乙醇及其质子...,200,千克,0,—,3845
29221930,乙基二乙醇胺盐,210,千克,0,—,1527
29221940,甲基二乙醇胺盐,250,千克,0,—,521
29221950,本芴醇,23269,千克,0,—,842194
29221990,未列名氨基醇及其醚和...,15388724,千克,0,—,40663685
29222100,氨基羟基萘磺酸及其盐,1535360,千克,0,—,6779665
29222910,茴香胺、二茴香胺、氨...,222230,千克,0,—,786463
29222990,其他氨基萘酚和其他氨...,4988873,千克,0,—,26988985
29223920,安非他酮及其盐,425,千克,0,—,28024
29223990,其他氨基醛、氨基酮和...,182938,千克,0,—,4751775
29224110,赖氨酸,29640,千克,0,—,175294
29224190,赖氨酸酯及盐,109233366,千克,0,—,129256250
29224210,谷氨酸,6793389,千克,0,—,7926421
29224220,谷氨酸钠,94626988,千克,0,—,97343817
29224290,其他谷氨酸盐,3582,千克,0,—,19214
29224310,邻氨基苯甲酸（氨茴酸...,80960,千克,0,—,354128
29224390,邻氨基苯甲酸（氨茴酸...,13170,千克,0,—,89167
29224911,氨甲环酸,59120,千克,0,—,4093271
29224919,未列名氨基酸,35607025,千克,0,—,102204927
29224991,普鲁卡因及其盐,24065,千克,0,—,434038
29224999,其他氨基酸酯及盐,18395983,千克,0,—,36054769
29225010,对羟基苯酐氨酸及其邓...,530892,千克,0,—,5391776
29225090,其他氨基醇酚、氨基酸...,68703276,千克,0,—,115921881
29231000,胆碱及其盐,9517328,千克,0,—,11677900
29232000,卵磷脂及其他磷氨基类...,4723014,千克,0,—,7128858
29239000,其他季铵盐及季铵碱,13684584,千克,0,—,30443017
29241100,甲丙氨酯（INN）,10075,千克,0,—,450756
29241910,N，N－二甲基甲酰胺,9182328,千克,0,—,6188050
29241990,其他无环酰胺及其衍生...,24891405,千克,0,—,61771048
29242100,烷基脲及其衍生物以及...,314725,千克,0,—,1349384
29242300,2-乙酰氨基苯甲酸及...,35,千克,0,—,17515
29242500,甲草胺（ISO）,149200,千克,0,—,1071047
29242910,对乙酰氨基苯乙醚(非...,9917,千克,0,—,106143
29242920,对乙酰氨基酚（扑热息...,3476155,千克,0,—,15861679
29242930,阿斯巴甜,1675894,千克,0,—,16592114
29242990,未列名环酰胺及其衍生...,11786721,千克,0,—,142064129
29251100,糖精及其盐,1590776,千克,0,—,8198902
29251900,其他酰亚胺及其衍生物...,1352632,千克,0,—,8133367
29252900,其他亚胺及其衍生物以...,11149185,千克,0,—,62672888
29261000,丙烯腈,34862411,千克,0,—,39825044
29262000,1-氰基胍（双氰胺）,5582431,千克,0,—,11393441
29269010,对氯氰苄,27450,千克,0,—,115733
29269020,间苯二甲腈,25,千克,0,—,485
29269090,未列名腈基化合物,16385708,千克,0,—,64653319
29270000,重氮化合物、偶氮化合...,10548451,千克,0,—,26125286
29280000,肼（联氨）及胲（羟胺...,3665006,千克,0,—,27304347
29291010,2，4－和2，6－甲...,28062442,千克,0,—,51058720
29291030,二苯基甲烷二异氰酸酯...,11507716,千克,0,—,21942002
29291040,六亚甲基二异氰酸酯,684658,千克,0,—,2127260
29291090,其他异氰酸酯,2354048,千克,0,—,11263350
29299010,环己基氨基磺酸钠（甜...,3441898,千克,0,—,7271996
29299040,乙酰甲胺磷,589700,千克,0,—,3346657
29299090,未列名含氮基化合物,1942444,千克,0,—,10134224
29302000,硫代氨基甲酸酯或盐及...,4159025,千克,0,—,15240712
29303000,一或二或四硫化二烃氨...,737111,千克,0,—,1481233
29304000,甲硫氨酸（蛋氨酸）,32592857,千克,0,—,74776276
29308000,涕灭威（ISO）、敌...,33000,千克,0,—,701360
29309010,双巯丙氨酸（胱氨酸）,70107,千克,0,—,1206362
29309020,二硫代碳酸酯（或盐）...,10475570,千克,0,—,17401674
29309090,未列名有机硫化合物,49488827,千克,0,—,178026519
29314100,甲基膦酸二甲酯,28700,千克,0,—,140495
29314500,甲基膦酸和脒基尿素（...,1100,千克,0,—,6881
29314910,双甘膦,2754000,千克,0,—,5678601
29314990,其他非卤化有机磷衍生...,49137038,千克,0,—,139989915
29315400,敌百虫（ISO）,108500,千克,0,—,298012
29315900,其他卤化有机磷衍生物,176743,千克,0,—,1193084
29319000,未列名有机无机化合物,27561612,千克,0,—,109959060
29321100,四氢呋喃,4062981,千克,0,—,6920295
29321200,2-糠醛,1313125,千克,0,—,1433890
29321300,糠醇及四氢糠醇,5008350,千克,0,—,5571146
29321400,三氯蔗糖,1635348,千克,0,—,23597250
29321900,其他结构上含有一个非...,1620966,千克,0,—,21732289
29322010,香豆素、甲基香豆素及...,400064,千克,0,—,3239030
29322090,其他内酯,7908152,千克,0,—,89117148
29329300,3，4－亚甲二氧基苯...,129300,千克,0,—,2003634
29329600,克百威（ISO）,170280,千克,0,—,2235758
29329920,"2,2'-双甲氧羰基...",905,千克,0,—,203100
29329930,蒿甲醚,6807,千克,0,—,2289697
29329990,其他仅含有氧杂原子的...,12876524,千克,0,—,87204032
29331100,二甲基苯基吡唑酮（安...,42369,千克,0,—,693350
29331920,安乃近,1036862,千克,0,—,12104247
29331990,未列名结构上含有非稠...,1770583,千克,0,—,69683049
29332100,乙内酰脲及其衍生物,1247561,千克,0,—,4183280
29332900,其他结构上含有非稠合...,2177858,千克,0,—,38616091
29333100,吡啶及其盐,234886,千克,0,—,1383153
29333210,哌啶,13600,千克,0,—,63131
29333220,哌啶盐,342,千克,0,—,69863
29333300,阿芬太尼，阿尼利定等...,4,千克,0,—,531751
29333990,未列名结构上含有一个...,11411101,千克,0,—,167414318
29334900,其他结构上含有一个喹...,830203,千克,0,—,18352530
29335200,丙二酰脲（巴比土酸）...,169152,千克,0,—,869820
29335300,阿洛巴比妥，异戊巴比...,3450,千克,0,—,205536
29335400,其他丙二酰脲的衍生物...,36,千克,0,—,18453
29335910,胞嘧啶,103505,千克,0,—,1091172
29335920,环丙氟哌酸,5400,千克,0,—,170420
29335990,其他结构上含有一个嘧...,4170755,千克,0,—,118783913
29336100,三聚氰胺（蜜胺）,59986898,千克,0,—,56831664
29336910,三聚氰氯,2901875,千克,0,—,5689134
29336922,三氯异氰脲酸,18332395,千克,0,—,22298207
29336929,其他异氰脲酸氯化衍生...,12671637,千克,0,—,11915751
29336990,未列名结构上含有非稠...,22622344,千克,0,—,74478665
29337100,6-己内酰胺,19415317,千克,0,—,30330489
29337900,其他内酰胺,7646556,千克,0,—,54014856
29339900,未列名仅含有氮杂原子...,12717895,千克,0,—,347280538
29341090,其他结构上含有一个非...,1788801,千克,0,—,37746405
29342000,含一个苯并噻唑环系未...,8730970,千克,0,—,35396676
29343000,含一个吩噻嗪环系的未...,83095,千克,0,—,879771
29349910,磺内酯及磺内酰胺,2007313,千克,0,—,10529401
29349920,呋喃唑酮,34825,千克,0,—,567788
29349930,核酸及其盐,28143,千克,0,—,17253075
29349940,奈韦拉平、依发韦仑、...,3404,千克,0,—,331465
29349950,克拉维酸及其盐,5000,千克,0,—,590492
29349960,7-苯乙酰基-3-氯...,238770,千克,0,—,16014892
29349970,6-氨基青霉烷酸（6...,1429961,千克,0,—,49723415
29349990,未列名杂环化合物,8502009,千克,0,—,234723496
29359000,其他磺(酰)胺,2163335,千克,0,—,95178390
29362100,未混合的维生素A及其...,418860,千克,0,—,9453788
29362200,未混合的维生素B1及...,666017,千克,0,—,13339716
29362300,未混合的维生素B2及...,626881,千克,0,—,10993819
29362400,未混合的D或DL-泛...,2465639,千克,0,—,17687482
29362500,未混合的维生素B6及...,766736,千克,0,—,14867173
29362600,未混合的维生素B12...,67259,千克,0,—,11797851
29362700,未混合的维生素C及其...,18199222,千克,0,—,55308197
29362800,未混合的维生素E及其...,10759641,千克,0,—,89498671
29362900,其他未混合的维生素及...,4693946,千克,0,—,51678322
29369010,维生素AD3,185501,千克,0,—,3405699
29369090,天然或合成再制的维生...,53289,千克,0,—,314511
29371100,生长激素及其衍生物和...,0,千克,0,—,78500
29371290,其他胰岛素及其盐,20,千克,0,—,405810
29371900,其他多肽等激素及其衍...,1545,千克,0,—,34548150
29372100,可的松、氢化可的松、...,37613,千克,0,—,15118382
29372210,地塞米松,2105,千克,0,—,1284216
29372290,其他皮质甾类激素的卤...,8264,千克,0,—,7334402
29372311,孕马结合雌激素,49714,千克,0,—,329676
29372319,其他动物源的雌（甾）...,3,千克,0,—,177341
29372390,其他雌（甾）激素和孕...,104679,千克,0,—,27933766
29372900,其他甾族激素及其衍生...,51557,千克,0,—,30708659
29375000,前列腺素、血栓烷等及...,3,千克,0,—,508246
29379000,其他天然或合成再制的...,22790,千克,0,—,2657483
29381000,芸香苷及其衍生物,104081,千克,0,—,4798529
29389010,齐多夫定/拉米夫定/...,69736,千克,0,—,5314174
29389090,其他苷及其盐、醚、酯...,1636080,千克,0,—,54275394
29391900,其他鸦片碱及其衍生物...,0,千克,0,—,4202
29392000,金鸡纳生物碱及其衍生...,30,千克,0,—,9477
29393000,咖啡因及其盐,2053065,千克,0,—,18330620
29394100,麻黄碱及其盐,300,千克,0,—,26084
29394200,假麻黄碱（INN）及...,300,千克,0,—,42693
29394900,其他麻黄生物碱及其衍...,2,千克,0,—,8953
29395900,其他茶碱和氨茶碱及其...,35435,千克,0,—,517388
29396100,麦角新碱（麦角袂春）...,60,千克,0,—,131905
29396900,其他麦角生物碱及其衍...,122,千克,0,—,343807
29397910,烟碱及其盐,550,千克,0,—,128685
29397990,植物来源的其他天然或...,6217,千克,0,—,3608646
29398090,非植物来源的其他天然...,17414,千克,0,—,1241785
29400010,木糖,875061,千克,0,—,2061690
29400090,其他化学纯糖，但蔗糖...,8782359,千克,0,—,22472405
29411011,氨苄青霉素,132,千克,0,—,9902
29411012,氨苄青霉素三水酸,101669,千克,0,—,3487834
29411019,氨苄青霉素盐,23980,千克,0,—,1525272
29411091,羟氨苄青霉素,47000,千克,0,—,1474772
29411092,羟氨苄青霉素三水酸,1700064,千克,0,—,55050827
29411096,邻氯青霉素,420,千克,0,—,50353
29411099,其他青霉素和有其结构...,1365198,千克,0,—,39344381
29412000,链霉素及其衍生物以及...,128097,千克,0,—,3327566
29413012,四环素盐,122225,千克,0,—,2786117
29413020,四环素衍生物及其盐,1257130,千克,0,—,29983646
29414000,氯霉素及其衍生物以及...,329278,千克,0,—,12199540
29415000,红霉素及其衍生物以及...,268871,千克,0,—,26962395
29419010,庆大霉素及其衍生物以...,43985,千克,0,—,4842413
29419020,卡那霉素及其衍生物以...,32145,千克,0,—,4830579
29419030,利福平及其衍生物以及...,33625,千克,0,—,5225487
29419040,林可霉素及其衍生物以...,251372,千克,0,—,14702674
29419052,头孢氨苄及其盐,162823,千克,0,—,8274777
29419053,头孢唑啉及其盐,31168,千克,0,—,3418874
29419054,头孢拉啶及其盐,22844,千克,0,—,1591029
29419055,头孢三嗪（头孢曲松）...,269129,千克,0,—,20648931
29419056,头孢哌酮及其盐,3355,千克,0,—,359344
29419057,头孢噻肟及其盐,26217,千克,0,—,2591499
29419058,头孢克罗及其盐,1350,千克,0,—,312527
29419059,其他头孢菌素及其衍生...,138872,千克,0,—,30712047
29419060,麦迪霉素及其衍生物以...,30,千克,0,—,37098
29419070,乙酰螺旋霉素及其衍生...,125,千克,0,—,15547
29419090,未列名抗菌素,2529400,千克,0,—,151362967
29420000,其他有机化合物,321629,千克,0,—,1943139
30012000,腺体、其他器官及其分...,5466,千克,0,—,1761476
30019010,肝素及其盐,17081,千克,0,—,65475644
30019090,未列名供防治病用的人...,248965,千克,0,—,13311366
30021200,抗血清及其他血份,6162,千克,0,—,5082911
30021300,非混合的免疫制品，未...,67,千克,0,—,625056
30021400,混合的免疫制品，未配...,2332,千克,0,—,13995724
30021500,免疫制品，已配定剂量...,56721,千克,0,—,29831038
30024100,人用疫苗,22498,千克,0,—,30959965
30024200,兽用疫苗,133478,千克,0,—,4487468
30024930,细菌及病毒,43270,千克,10000115753,株,2560828
30024990,其他毒素、培养微生物...,21722,千克,0,—,1265343
30025900,其他细胞培养物（细胞...,0,千克,0,—,531633
30029090,人血；其他治病、防病...,5023,千克,0,—,571298
30031011,含有氨苄青霉素的药品...,7860,千克,0,—,909529
30031012,含有羟氨苄青霉素的药...,22755,千克,0,—,3821531
30031019,其他含有青霉素及其衍...,9337,千克,0,—,1088787
30031090,含有链霉素及其衍生物...,7473,千克,0,—,681915
30032011,含有头孢噻肟的药品，...,1,千克,0,—,381
30032012,含有头孢他啶的药品，...,5031,千克,0,—,1238458
30032016,含有头孢呋辛的药品，...,240,千克,0,—,45601
30032017,含有头孢三嗪的药品，...,0,千克,0,—,163
30032018,含有头孢哌酮的药品，...,7773,千克,0,—,1025998
30032019,其他含有头孢菌素的药...,6679,千克,0,—,1559366
30032090,未列名含有抗菌素的药...,5580193,千克,0,—,37264614
30033900,含有激素或品目29....,0,千克,0,—,50
30034100,含有麻黄碱及其盐的药...,55369,千克,0,—,2072663
30034900,其他含有生物碱及其衍...,1200,千克,0,—,56852
30036010,含有青蒿素及其衍生物...,2212,千克,0,—,33404
30036090,其他含有本章子目注释...,476,千克,0,—,92504
30039000,未列名两种或两种以上...,2417314,千克,0,—,48150840
30041011,氨苄青霉素制剂,548925,千克,0,—,4774371
30041012,羟氨苄青霉素制剂,549248,千克,0,—,8063249
30041013,青霉素Ｖ制剂,49044,千克,0,—,1598021
30041019,其他含有青霉素及具有...,839267,千克,0,—,12783117
30041090,含有链霉素及其衍生物...,116155,千克,0,—,1451933
30042011,头孢噻肟制剂,74753,千克,0,—,882619
30042012,头孢他啶制剂,49186,千克,0,—,543371
30042013,头孢西丁制剂,1400,千克,0,—,68000
30042016,头孢呋辛制剂,81498,千克,0,—,1698972
30042017,头孢三嗪（头孢曲松）...,1097143,千克,0,—,10727765
30042018,头孢哌酮制剂,4562,千克,0,—,151793
30042019,其他含有头孢菌素的药...,109810,千克,0,—,7184937
30042090,未列名含有抗菌素的药...,7633188,千克,0,—,42574765
30043110,含有重组人胰岛素的药...,14116,千克,0,—,3328309
30043200,含有皮质甾类激素及其...,382689,千克,0,—,5910891
30043900,未列名含有激素或品目...,360985,千克,0,—,179343751
30044200,含有伪麻黄碱（INN...,8,千克,0,—,5434
30044900,未列名含有其他生物碱...,41910,千克,0,—,1431351
30045000,其他含有维生素或品目...,1229051,千克,0,—,9724854
30046010,含有青蒿素及其衍生物...,386265,千克,0,—,7985924
30046090,未列名含有本章子目注...,242130,千克,0,—,12339944
30049010,含有磺胺类的药品，已...,111465,千克,0,—,25840994
30049020,含有联苯双酯的药品，...,679,千克,0,—,253993
30049051,中药酒,27604,千克,0,—,124691
30049052,片仔癀,338,千克,0,—,9766411
30049054,清凉油,238287,千克,0,—,1929469
30049055,安宫牛黄丸,3889,千克,0,—,668526
30049059,其他中式成药,501933,千克,0,—,18788581
30049090,未列名混合或非混合产...,22523095,千克,0,—,224879916
30051010,橡皮膏,727436,千克,0,—,4979266
30051090,未列名胶粘敷料及其他...,3841932,千克,0,—,61382355
30059010,药棉、纱布、绷带,11114033,千克,0,—,69850207
30059090,未列名软填料及类似物...,3689629,千克,0,—,22058862
30061000,无菌外科肠线，昆布，...,21902,千克,0,—,1394773
30063000,X光检查造影剂；用于...,606673,千克,0,—,31472593
30064000,牙科粘固剂及其他牙科...,159173,千克,0,—,1825633
30065000,急救药箱、药包,2051048,千克,0,—,15419333
30066010,以激素为基本成分的避...,9293,千克,0,—,1973089
30067000,专用于人类或兽药的凝...,395489,千克,0,—,2885454
30069100,可确定用于造口术的用...,87346,千克,0,—,2189136
30069200,废药物,2,千克,0,—,6846
30069300,安慰剂和盲法（或双盲...,361,千克,0,—,492283
31010019,其他未经化学处理的动...,1327120,千克,0,—,458730
31010090,经化学处理的动植物肥...,4920082,千克,0,—,1619630
31021000,尿素，不论是否水溶液,4212459,千克,0,—,1174955
31022100,硫酸铵,1251155749,千克,0,—,191514735
31022900,硫酸铵和硝酸铵的复盐...,1266000,千克,0,—,426819
31023000,硝酸铵，不论是否水溶...,4961000,千克,0,—,2140937
31025000,硝酸钠,4067000,千克,0,—,1981654
31026000,硝酸钙和硝酸铵的复盐...,58091500,千克,0,—,12608384
31028000,尿素及硝酸铵混合物的...,416520,千克,0,—,107418
31029010,氰氨化钙,325000,千克,0,—,305757
31029090,其他矿物氮肥及化学氮...,8615250,千克,0,—,2004823
31031110,重过磷酸钙,68136617,千克,0,—,25484798
31031190,其他按重量计五氧化二...,7690160,千克,0,—,3066750
31031900,按重量计五氧化二磷（...,195883290,千克,0,—,32898213
31039000,其他矿物磷肥及化学磷...,3553201,千克,0,—,463456
31042020,纯氯化钾,18200,千克,0,—,33435
31042090,其他氯化钾,14060990,千克,0,—,4925335
31043000,硫酸钾,270000,千克,0,—,167076
31049090,其他矿物钾肥及化学钾...,133000,千克,0,—,168417
31051000,制成片状等或每包毛重...,50787367,千克,0,—,25332721
31052000,含氮、磷、钾三种元素...,22206300,千克,0,—,7475674
31053000,磷酸氢二铵,26157000,千克,0,—,14098722
31054000,磷酸二氢铵及其与磷酸...,356000,千克,0,—,284104
31055900,其他含氮、磷两种元素...,40324820,千克,0,—,14984384
31056000,含磷、钾两种肥效元素...,1705940,千克,0,—,1044920
31059010,有机-无机复混肥料,11423730,千克,0,—,3147279
31059090,其他肥料,39066440,千克,0,—,13388721
32012000,荆树皮浸膏,14000,千克,0,—,24350
32019010,其他植物鞣料浸膏,8000,千克,0,—,14954
32019090,鞣酸及其盐、醚、酯和...,13527,千克,0,—,221009
32021000,有机合成鞣料,951100,千克,0,—,1496226
32029000,无机鞣料；鞣料制剂；...,1554435,千克,0,—,1563025
32030011,天然靛蓝及以其为基本...,2210,千克,0,—,62275
32030019,其他植物质着色料及以...,1281052,千克,0,—,29677869
32030020,动物质着色料及以其为...,44378,千克,0,—,990289
32041100,分散染料及以其为基本...,7729613,千克,0,—,37379744
32041200,酸性染料和媒染染料及...,853969,千克,0,—,6527933
32041300,碱性染料及以其为基本...,711204,千克,0,—,4537270
32041400,直接染料及以其为基本...,1180743,千克,0,—,3407790
32041510,合成靛蓝（还原靛蓝）,3319284,千克,0,—,17428632
32041590,其他瓮染染料及以其为...,519849,千克,0,—,5322776
32041600,活性染料及以其为基本...,3121600,千克,0,—,16261424
32041700,颜料及以其为基本成分...,16437585,千克,0,—,94442495
32041810,类胡萝卜素（包括胡萝...,203932,千克,0,—,6234818
32041911,硫化黑（硫化青）及以...,5732340,千克,0,—,7663872
32041919,其他硫化染料及以其为...,355812,千克,0,—,1176725
32041990,未列名有机合成着色料...,80268,千克,0,—,2077731
32042000,用作荧光增白剂的有机...,3992762,千克,0,—,14210846
32049010,有机合成的生物染色剂...,2939,千克,0,—,1492763
32049090,其他用作发光体的有机...,406671,千克,0,—,4513013
32050000,色淀；本章注释3所述...,13518,千克,0,—,98080
32061110,,48000,,0,,125038
32061111,钛白粉，金红石型含量...,44605102,千克,0,—,106375903
32061119,其他钛白粉,151436961,千克,0,—,337572910
32061190,其他干物质计二氧化钛...,150607,千克,0,—,294513
32061900,其他以二氧化钛为基本...,2239614,千克,0,—,5143220
32062000,以铬化合物为基本成分...,383230,千克,0,—,1398805
32064100,群青及以其为基本成分...,219269,千克,0,—,731444
32064210,锌钡白（立德粉）,690455,千克,0,—,740461
32064290,其他以硫化锌为基本成...,32210,千克,0,—,136549
32064911,以钒酸铋为基本成分的...,3125,千克,0,—,67359
32064919,其他以铋化合物为基本...,16700,千克,0,—,36598
32064990,未列名着色料及其他制...,11354330,千克,0,—,29871882
32065000,用作发光体的无机产品,201238,千克,0,—,829360
32071000,陶瓷、搪瓷及玻璃工业...,2841585,千克,0,—,10360997
32072000,珐琅和釉料、釉底料（...,27742207,千克,0,—,13524987
32073000,光瓷釉及类似制品,11678,千克,0,—,38349
32074000,搪瓷玻璃料及其他玻璃...,19132727,千克,0,—,9627175
32081000,以聚酯为基本成分的油...,2866542,千克,0,—,10529921
32082010,以丙烯酸聚合物为基本...,4786140,千克,0,—,20963257
32082020,以乙烯聚合物为基本成...,104,千克,0,—,1681
32089010,聚氨酯化合物油漆及清...,2419221,千克,0,—,5977800
32089090,未列名溶于非水介质聚...,7926880,千克,0,—,29160629
32091000,丙烯酸或乙烯聚合物油...,2366636,千克,0,—,5510334
32099010,以环氧树脂为基本成分...,1299583,千克,0,—,2859747
32099020,以氟树脂为基本成分的...,127834,千克,0,—,1001189
32099090,以未列名聚合物为基本...,2622948,千克,0,—,5928502
32100000,其他油漆及清漆；加工...,1060646,千克,0,—,4085687
32110000,配制的催干剂,297622,千克,0,—,1154259
32121000,压印箔,181187,千克,0,—,1650667
32129000,制造油漆（含瓷漆）用...,1013507,千克,0,—,5302661
32131000,成套的颜料,3375589,千克,0,—,13118779
32139000,其他颜料、调色料、文...,4669643,千克,0,—,11362664
32141010,封装半导体器件用树脂...,607166,千克,0,—,4070520
32141090,其他安装玻璃用油灰、...,18435030,千克,0,—,36877443
32149000,非耐火涂面制剂，涂门...,7240735,千克,0,—,2842489
32151100,黑色印刷油墨,340964,千克,0,—,1701136
32151900,其他印刷油墨,3111312,千克,0,—,15860355
32159010,书写墨水,173206,千克,0,—,1048657
32159020,水性喷墨墨水,3214583,千克,0,—,22372513
32159090,其他绘图墨水及其他墨...,1090032,千克,0,—,4874951
33011200,橙油,21769,千克,0,—,347602
33011300,柠檬油,46,千克,0,—,1294
33011910,白柠檬油（酸橙油）,25,千克,0,—,951
33011990,其他柑桔属果实精油,113,千克,0,—,8435
33012400,胡椒薄荷油,1270,千克,0,—,56135
33012500,其他薄荷油,65456,千克,0,—,1437626
33012920,香茅油,26673,千克,0,—,321267
33012930,茴香油,76020,千克,0,—,1439327
33012940,桂油,84375,千克,0,—,3747019
33012950,山苍子油,32611,千克,0,—,1083101
33012960,桉叶油,951760,千克,0,—,7789846
33012991,老鹳草油（香叶油）,4095,千克,0,—,640180
33012999,未列名非柑桔属果实精...,240550,千克,0,—,7074526
33013090,其他香膏,53063,千克,0,—,290753
33019010,提取的油树脂,111385,千克,0,—,5270057
33019020,柑桔属果实的精油脱萜...,1,千克,0,—,10
33019090,含浓缩精油的制品；其...,24110,千克,0,—,182298
33021010,酒精浓度≤0.5%以...,49635,千克,0,—,502043
33021090,其他食品饮料工业用混...,2072905,千克,0,—,16090176
33029000,其他工业用混合香料及...,2781432,千克,0,—,29461287
33030000,香水及花露水,3657218,千克,22711351,件,24916211
33041000,唇用化妆品,1808630,千克,69555089,件,35684193
33042000,眼用化妆品,1897116,千克,65207794,件,35013285
33043000,指（趾）甲化妆品,1353303,千克,26121449,件,13956510
33049100,粉，不论是否压紧,1084738,千克,18172653,件,16871074
33049900,其他美容品或化妆品及...,9548455,千克,129619206,件,143914183
33051000,洗发剂（香波）,5346326,千克,0,—,13763463
33052000,烫发剂,87490,千克,0,—,272001
33053000,定型剂,629451,千克,0,—,3033800
33059000,其他护发品,5123447,千克,0,—,17557892
33061010,牙膏,15877098,千克,0,—,31033827
33061090,其他洁齿品,354619,千克,0,—,10464915
33062000,清洁牙缝用纱线（牙线...,2553719,千克,0,—,21430385
33069010,漱口剂,1808967,千克,0,—,2823595
33069090,其他口腔清洁剂，包括...,32629,千克,0,—,1142647
33071000,剃须用制剂,374089,千克,0,—,810652
33072000,人体除臭剂及止汗剂,443978,千克,0,—,2542640
33073000,香浴盐及其他泡澡用制...,2797167,千克,0,—,7920700
33074100,神香及其他室内通过燃...,2624021,千克,0,—,12667628
33074900,室内除臭制品,10650445,千克,0,—,44074395
33079000,脱毛剂和未列名的芳香...,13016841,千克,0,—,51386892
34011100,盥洗用条块状肥皂及有...,976653,千克,0,—,2712123
34011910,洗衣皂（条状、块状或...,1823921,千克,0,—,5702848
34011990,未列名条块状肥皂及有...,49960074,千克,0,—,74768097
34012000,其他形状的肥皂,987831,千克,0,—,1738035
34013000,洁肤用有机表面活性产...,10226286,千克,0,—,21382032
34023100,直链烷基苯磺酸及其盐,2252571,千克,0,—,3423489
34023900,其他阴离子型有机表面...,54961160,千克,0,—,57751827
34024100,阳离子型有机表面活性...,16026569,千克,0,—,23626637
34024200,非离子型有机表面活性...,51502932,千克,0,—,86946146
34024900,其他有机表面活性剂,8933546,千克,0,—,10231472
34025010,零售包装的合成洗涤粉,62084316,千克,0,—,37984684
34025090,其他零售包装表面活性...,28626091,千克,0,—,64587718
34029000,其他表面活性剂制品、...,52996620,千克,0,—,69531527
34031100,矿物油＜70％的纺织...,549703,千克,0,—,1086316
34031900,矿物油＜70％的润滑...,4899479,千克,0,—,13695985
34039100,不含矿物油的纺织材料...,3005660,千克,0,—,6175244
34039900,不含石油或从沥青矿物...,7539705,千克,0,—,22538417
34042000,聚氧乙烯（聚乙二醇）...,8167244,千克,0,—,9981275
34049000,其他人造蜡及调制蜡,14748756,千克,0,—,33251168
34051000,鞋靴或皮革用的上光剂...,647851,千克,0,—,2052653
34052000,保养木制品用的上光剂...,198151,千克,0,—,435490
34053000,车身用的上光剂及类似...,795136,千克,0,—,4387189
34054000,擦洗膏、去污粉及类似...,730124,千克,0,—,1789322
34059000,玻璃或金属用的光洁剂...,1374309,千克,0,—,4935865
34060000,各种蜡烛及类似品,23539533,千克,0,—,60171242
34070010,成套、零售包装或制成...,84698,千克,0,—,968697
34070020,以熟石膏为基本成分的...,28872,千克,0,—,273059
34070090,其他塑型用膏,7333154,千克,0,—,28943237
35011000,酪蛋白,30503,千克,0,—,306132
35019000,酪蛋白酸盐及其他酪蛋...,12430,千克,0,—,142184
35021100,干的卵清蛋白,14300,千克,0,—,186291
35021900,其他卵清蛋白,33775,千克,0,—,6657
35022000,乳白蛋白，两种或两种...,11,千克,0,—,86
35029000,其他白蛋白、白蛋白盐...,199,千克,0,—,519413
35030010,明胶及其衍生物,4339140,千克,0,—,27608788
35030090,鱼胶；其他动物胶,28818,千克,0,—,388529
35040010,蛋白胨,198917,千克,0,—,969704
35040020,植物蛋白，以干基计蛋...,17150891,千克,0,—,42839145
35040090,蛋白胨衍生物；未列名...,12359076,千克,0,—,27906668
35051000,糊精及其他改性淀粉,19460865,千克,0,—,22644557
35052000,以淀粉、糊精或其他改...,1914077,千克,0,—,2606081
35061000,零售包装每件净重≤1...,15892576,千克,0,—,63094569
35069110,以聚酰胺为基本成分的...,1382568,千克,0,—,6065320
35069120,以环氧树脂为基本成分...,2092809,千克,0,—,8996576
35069190,其他以橡胶或39章聚...,48770414,千克,0,—,127336532
35069900,未列名的调制胶及其他...,19640111,千克,0,—,40126930
35071000,粗制凝乳酶及其浓缩物,66380,千克,0,—,151741
35079010,碱性蛋白酶,208421,千克,0,—,2647525
35079020,碱性脂肪酶,9409,千克,0,—,88366
35079090,未列名的酶；未列名的...,11615755,千克,0,—,58006206
36010000,发射药,74159,千克,0,—,1254624
36020010,硝铵炸药,296640,千克,0,—,354954
36020090,其他配制炸药,62208,千克,0,—,632713
36034000,雷管,59703,千克,0,—,1517497
36035000,引爆器,58893,千克,0,—,804227
36036000,电雷管,32682,千克,0,—,1532544
36041000,烟花、爆竹,11624253,千克,0,—,35996291
36049000,信号弹、降雨火箭及其...,46451,千克,0,—,529812
36050000,火柴，但3604的烟...,117219,千克,0,—,449752
36061000,打火机液体燃料，容器...,234656,千克,0,—,640454
36069011,已切成形可直接使用的...,19080,千克,0,—,321576
36069019,未切成形不可直接使用...,192,千克,0,—,7046
36069090,其他易燃材料制品,404400,千克,0,—,773050
37011000,X光用摄影感光硬片及...,121767,千克,388078,平方米,1512517
37012000,一次成像软片,16511,千克,0,—,237839
37013021,激光照排片，任一边＞...,3523,千克,26529,平方米,200120
37013022,PS版，任一边＞25...,2205281,千克,3303353,平方米,8075982
37013024,未曝光的CTP版，任...,13187781,千克,17836957,平方米,56316534
37013025,柔性印刷版，任何一边...,168717,千克,62460,平方米,2269602
37013029,其他照相制版用硬片及...,189529,千克,166848,平方米,2221194
37013090,未列名硬片及软片，任...,303776,千克,1156042,平方米,5241892
37019100,彩色摄影用硬片及平面...,4544,千克,0,—,158967
37019920,照相制版用其他硬片及...,4598,千克,13782,平方米,258088
37019990,未列名硬片及平面软片,83736,千克,312959,平方米,1368343
37021000,X光用成卷的感光卷片,1520,千克,14819,平方米,47100
37023190,其他无齿孔彩色摄影用...,33814,千克,194506,平方米,2053789
37023290,其他涂卤化银无齿孔卷...,15,千克,25,平方米,2660
37023990,未列名无齿孔卷片，宽...,14,千克,30,平方米,227
37024221,制印刷电路板光致抗蚀...,944471,千克,11956308,平方米,8003511
37024321,激光照排片，宽＞61...,7856,千克,51958,平方米,185791
37024329,其他照相制版无齿孔卷...,13019,千克,104479,平方米,66702
37024421,激光照排片，105m...,18036,千克,114058,平方米,391457
37024422,制印刷电路板光致抗蚀...,110889,千克,1076892,平方米,907732
37024429,其他照相制版无齿孔卷...,9672,千克,93175,平方米,584756
37024490,其他无齿孔卷片，10...,854,千克,4742,平方米,7234
37025410,非幻灯用彩卷，宽35...,6719,千克,15384,平方米,705669
37025690,其他彩色卷片，宽＞3...,17,千克,30,平方米,5572
37029600,其他未曝光的卷片，宽...,106,千克,205,平方米,12199
37031010,成卷的摄影感光纸及纸...,320729,千克,0,—,1518294
37032010,其他彩色摄影用感光纸...,651041,千克,0,—,4039732
37039010,其他非彩色摄影用感光...,246135,千克,0,—,807338
37039090,其他非彩色摄影用感光...,2795,千克,0,—,12721
37050010,已曝光已冲洗的教学专...,10,千克,0,—,830
37050029,其他已曝光已冲洗的缩...,139,千克,0,—,89803
37050090,其他已曝光已冲洗的摄...,13,千克,0,—,6156
37071000,感光乳液,236043,千克,0,—,1991005
37079010,冲洗照相胶卷及相片用...,298835,千克,0,—,359554
37079020,复印机用化学制剂,841903,千克,0,—,8926064
37079090,未列名摄影用化学制剂...,3219587,千克,0,—,9543029
38011000,人造石墨,54278060,千克,0,—,105444178
38012000,胶态或半胶态石墨,38626,千克,0,—,38349
38013000,电极用碳糊及炉衬用的...,22025363,千克,0,—,16629080
38019010,表面处理的球化石墨,6798515,千克,0,—,34389038
38019090,未列名以石墨或其他碳...,4787500,千克,0,—,7873756
38021010,木质活性碳,5316152,千克,0,—,9097341
38021090,其他活性碳,26927269,千克,0,—,37537103
38029000,活性天然矿产品；动物...,31855015,千克,0,—,8258692
38030000,妥尔油，不论是否精炼,19996,千克,0,—,66670
38040000,木桨残余碱液,2141374,千克,0,—,807876
38051000,脂松节油、木松节油和...,58435,千克,0,—,207009
38059010,以α萜品醇为基本成分...,387860,千克,0,—,1066605
38059090,其他萜烯油及粗制二聚...,2220,千克,0,—,6118
38061010,松香,1647225,千克,0,—,2418489
38061020,树脂酸,1000,千克,0,—,2796
38062010,松香盐及树脂酸盐,26460,千克,0,—,68443
38062090,松香或树脂酸衍生物的...,79090,千克,0,—,139667
38063000,酯胶,771707,千克,0,—,1837553
38069000,其他松香和树脂酸衍生...,6556866,千克,0,—,12850220
38070000,木焦油；木杂酚油；粗...,79492,千克,0,—,333533
38085920,零售包装的本章子目注...,477770,千克,0,—,377968
38085990,非零售包装的本章子目...,4096,千克,0,—,9650
38086100,每包净重不超过300...,23307,千克,0,—,136254
38086200,每包净重超过300克...,358056,千克,0,—,1249503
38086900,每包净重超过7.5千...,153986,千克,0,—,591160
38089111,零售包装蚊香,8360657,千克,0,—,8942367
38089112,零售包装生物杀虫剂,73717,千克,0,—,1523320
38089119,其他零售包装的杀虫剂,19968508,千克,0,—,98709873
38089190,非零售包装的杀虫剂,11587084,千克,0,—,50726174
38089210,零售包装杀菌剂,8654452,千克,0,—,42408193
38089290,非零售包装的杀菌剂,9197839,千克,0,—,34394847
38089311,零售包装除草剂,93801204,千克,0,—,251427763
38089319,非零售包装除草剂,105435998,千克,0,—,216353903
38089391,零售包装抗萌剂及植物...,841651,千克,0,—,4120080
38089399,非零售包装抗萌剂及植...,4342279,千克,0,—,10324362
38089400,消毒剂,13667910,千克,0,—,27410177
38089910,零售包装的本品目所列...,873762,千克,0,—,2055950
38089990,非零售包装的本品目所...,198966,千克,0,—,1007334
38091000,纺织、造纸、制革等工...,119640,千克,0,—,147899
38099100,纺织等工业用的其他整...,4307073,千克,0,—,9495947
38099200,造纸等工业用的其他整...,4305795,千克,0,—,6535305
38099300,制革等工业用的其他整...,902051,千克,0,—,1714397
38101000,金属表面酸洗剂；金属...,2359975,千克,0,—,10621611
38109000,焊接辅助剂；作焊条芯...,5063526,千克,0,—,5970952
38111100,以铅化合物为基本成分...,20000,千克,0,—,776370
38111900,其他抗震剂,2000,千克,0,—,15000
38112100,含石油或从沥青矿物提...,20114797,千克,0,—,58576868
38112900,其他润滑油添加剂,455296,千克,0,—,1615203
38119000,其他供矿物油等同样用...,542212,千克,0,—,2013056
38121000,配制的橡胶促进剂,17003457,千克,0,—,56619503
38122000,橡胶或塑料用复合增塑...,6034008,千克,0,—,9705532
38123100,"2,2,4-三甲基-...",5608225,千克,0,—,10552971
38123910,其他橡胶防老剂,2408948,千克,0,—,6046446
38123990,未列名橡胶或塑料用抗...,16300597,千克,0,—,47990047
38130010,灭火器的装配药,4645729,千克,0,—,3576466
38130020,已装药的灭火弹,3915,千克,0,—,12220
38140000,未列名的有机复合溶剂...,1747162,千克,0,—,4484966
38151100,以镍及其化合物为活性...,486805,千克,0,—,9407705
38151200,以贵金属及其化合物为...,364579,千克,0,—,48144510
38151900,其他载体催化剂,6568862,千克,0,—,40068676
38159000,未列名的反应引发剂、...,5670654,千克,0,—,26788701
38160010,夯混白云石,72642,千克,0,—,32095
38160020,耐火的水泥、灰泥、混...,82939515,千克,0,—,41911047
38170000,混合烷基苯及混合烷基...,11940194,千克,0,—,17843336
38180011,7.5cm≤直径≤1...,73318,千克,3854004,片,17106493
38180019,直径＞15.24cm...,6201624,千克,506804850,片,255647126
38180090,其他经掺杂用于电子工...,688787,千克,0,—,71651653
38190000,闸用液压油等液压传动...,1475051,千克,0,—,2972750
38200000,防冻剂及解冻剂,2228131,千克,0,—,2835199
38210000,制成的微生物或植物、...,289261,千克,0,—,5619064
38221100,疟疾用附于衬背上的诊...,6784,千克,0,—,157951
38221200,寨卡病毒及由伊蚊属蚊...,79,千克,0,—,19989
38221300,血型鉴定用附于衬背上...,1896,千克,0,—,18446
38221900,其他附于衬背上的诊断...,6868221,千克,0,—,134066431
38229000,有证标准样品,85409,千克,0,—,9045229
38231100,硬脂酸,2615033,千克,0,—,2929193
38231200,油酸,1187880,千克,0,—,1687338
38231300,妥尔油脂肪酸,1710,千克,0,—,5130
38231900,其他工业用单羧脂肪酸...,1269709,千克,0,—,1284025
38237000,工业用脂肪醇,390495,千克,0,—,705091
38241000,铸模及铸芯用粘合剂,4270703,千克,0,—,5286137
38243000,自身或与金属粘合剂混...,287855,千克,0,—,11869810
38244010,高效减水剂,36608334,千克,0,—,24771455
38244090,其他水泥、灰泥及混凝...,235086383,千克,0,—,7142631
38245000,非耐火的灰泥及混凝土,21235654,千克,0,—,4382304
38246000,编码2905.440...,3090822,千克,0,—,1817474
38249100,主要由(5-乙基-2...,16105,千克,0,—,121662
38249200,甲基膦酸聚乙二醇酯,215841,千克,0,—,176038
38249910,杂醇油,2050,千克,0,—,8080
38249920,除墨剂、蜡纸改正液及...,843038,千克,0,—,4851425
38249930,增炭剂,38440195,千克,0,—,13817913
38249991,按重量计含滑石50%...,172500,千克,0,—,113251
38249992,按重量计含氧化镁70...,3213287,千克,0,—,3083109
38249999,未列名化学工业及其相...,380736835,千克,0,—,501431239
38253000,医疗废物,0,千克,0,—,1350
38256100,主要含有机成分的化学...,20000,千克,0,—,20
38256900,未列名化学工业及相关...,1009740,千克,0,—,150175
38259000,其他品目未列名的化学...,73192936,千克,0,—,1265425
38260000,生物柴油及其混合物，...,95829109,千克,110002146,升,104221804
38273100,含子目2903.41...,240,千克,0,—,767
38273200,含子目2903.71...,18000,千克,0,—,38527
38276100,按重量计含15%及以...,2813034,千克,0,—,10363385
38276200,不归入上述子目的其他...,38707,千克,0,—,153885
38276300,不归入上述子目的其他...,5953325,千克,0,—,19805372
38276400,不归入上述子目的其他...,726705,千克,0,—,2751729
38276500,不归入上述子目的其他...,142573,千克,0,—,1358300
38276800,不归入上述子目的其他...,123840,千克,0,—,350649
39011000,初级形状的聚乙烯，比...,22778860,千克,0,—,38544468
39012000,初级形状的聚乙烯，比...,53150833,千克,0,—,58320282
39013000,初级形状的乙烯-乙酸...,18804561,千克,0,—,42393466
39014010,初级形状的乙烯-丙烯...,65850,千克,0,—,255793
39014020,初级形状的线型低密度...,25636967,千克,0,—,28142862
39014090,其他初级形状的乙烯-...,1991907,千克,0,—,5608604
39019010,其他初级形状的乙烯-...,895172,千克,0,—,3167060
39019090,未列名初级形状的乙烯...,50034190,千克,0,—,80721705
39021000,初级形状的聚丙烯,289260187,千克,0,—,302490337
39022000,初级形状的聚异丁烯,1839552,千克,0,—,4631302
39023010,初级形状的乙烯-丙烯...,23070920,千克,0,—,28604779
39023090,其他初级形状的丙烯共...,3055234,千克,0,—,5472246
39029000,其他初级形状的烯烃聚...,3037463,千克,0,—,8240766
39031100,初级形状的可发性聚苯...,36937876,千克,0,—,46935620
39031910,改性的初级形状的聚苯...,8936152,千克,0,—,17260995
39031990,其他初级形状的聚苯乙...,9786966,千克,0,—,14047679
39032000,初级形状的苯乙烯-丙...,5114641,千克,0,—,7665103
39033010,改性初级形状的丙烯腈...,4960284,千克,0,—,10501825
39033090,其他初级形状的丙烯腈...,11524078,千克,0,—,18469177
39039000,其他初级形状的苯乙烯...,7952450,千克,0,—,17005157
39041010,初级形状的糊树脂,9815963,千克,0,—,11060314
39041090,其他初级形状的聚氯乙...,297006092,千克,0,—,214012060
39042100,初级形状的未塑化聚氯...,8294838,千克,0,—,11084169
39042200,初级形状的已塑化聚氯...,25862007,千克,0,—,42552929
39043000,初级形状的氯乙烯-乙...,653489,千克,0,—,1530184
39044000,其他初级形状的氯乙烯...,857373,千克,0,—,2183844
39045000,初级形状的偏二氯乙烯...,625720,千克,0,—,1658655
39046100,初级形状的聚四氟乙烯,3033978,千克,0,—,24496772
39046900,其他初级形状的氟聚合...,3057468,千克,0,—,48281395
39049000,其他初级形状的氯乙烯...,270828,千克,0,—,446180
39051200,聚乙酸乙烯酯水分散体,415560,千克,0,—,498015
39051900,其他初级形状的聚乙酸...,328263,千克,0,—,561592
39052100,乙酸乙烯酯共聚物的水...,1967966,千克,0,—,2110190
39052900,其他初级形状的乙酸乙...,4862334,千克,0,—,7278136
39053000,初级形状的聚乙烯醇,21202188,千克,0,—,36994563
39059100,其他初级形状的乙烯酯...,349094,千克,0,—,2277105
39059900,未列名初级形状乙烯酯...,3245823,千克,0,—,24962629
39061000,初级形状的聚甲基丙烯...,5057687,千克,0,—,10006470
39069010,初级形状的聚丙烯酰胺,32644029,千克,0,—,42457384
39069020,初级形状的丙烯酸-丙...,10561559,千克,0,—,12552276
39069090,其他初级形状的丙烯酸...,69011721,千克,0,—,117469595
39071010,初级形状的聚甲醛,2387113,千克,0,—,5694470
39071090,其他初级形状的聚缩醛,434445,千克,0,—,1132636
39072100,初级形状的双（聚氧乙...,498360,千克,0,—,1009879
39072910,初级形状的聚四亚甲基...,7578821,千克,0,—,15473054
39072990,初级形状的其他聚醚,230071319,千克,0,—,315972757
39073000,初级形状的环氧树脂,23631921,千克,0,—,47128263
39074000,初级形状的聚碳酸酯,45396736,千克,0,—,101893150
39075000,初级形状的醇酸树脂,1052370,千克,0,—,1775195
39076110,粘数≥78毫升/克的...,515641663,千克,0,—,464956443
39076190,其他初级形状的粘数≥...,856220,千克,0,—,1186335
39076910,粘数＜78毫升/克的...,89995178,千克,0,—,87200015
39076990,其他初级形状的粘数＜...,1338191,千克,0,—,2870095
39077000,初级形状的聚乳酸,1722010,千克,0,—,4495315
39079100,初级形状的不饱和聚酯,13991271,千克,0,—,23650256
39079910,其他初级形状的聚对苯...,29026793,千克,0,—,46674787
39079991,初级形状的聚对苯二甲...,7350875,千克,0,—,10292744
39079999,未列名初级形状的聚酯,26596940,千克,0,—,53435581
39081011,聚酰胺-6，6的切片,12002379,千克,0,—,37046233
39081012,聚酰胺-6的切片,51748415,千克,0,—,101012268
39081019,聚酰胺-11、-12...,1636170,千克,0,—,11940872
39081090,其他初级形状聚酰胺-...,814958,千克,0,—,3009129
39089010,初级形状的芳香族聚酰...,30410,千克,0,—,184004
39089020,初级形状的半芳香族聚...,1158387,千克,0,—,7722929
39089090,未列名初级形状的聚酰...,6167042,千克,0,—,27871900
39091000,初级形状的尿素树脂和...,5497850,千克,0,—,4954847
39092000,初级形状的蜜胺树脂,7084041,千克,0,—,9055684
39093100,初级形状的聚（亚甲基...,113057392,千克,0,—,161792028
39093900,其他初级形状的氨基树...,128690,千克,0,—,166705
39094000,初级形状的酚醛树脂,13618202,千克,0,—,22646831
39095000,初级形状的聚氨基甲酸...,38912380,千克,0,—,90941356
39100000,初级形状的聚硅氧烷,50252969,千克,0,—,137604594
39111000,初级形状的石油树脂、...,42120258,千克,0,—,60667317
39119000,初级形状多硫化物、聚...,16813933,千克,0,—,50656561
39121100,初级形状的未塑化醋酸...,821649,千克,0,—,4699191
39121200,初级形状的已塑化醋酸...,12075,千克,0,—,32087
39122000,初级形状的硝酸纤维素...,1461345,千克,0,—,4921193
39123100,初级形状的羧甲基纤维...,10149008,千克,0,—,24486294
39123900,初级形状的纤维素醚,16958619,千克,0,—,50070886
39129000,未列名初级形状的纤维...,4431147,千克,0,—,16532363
39131000,初级形状的藻酸及其盐...,6000,千克,0,—,109604
39139000,其他初级形状的天然聚...,19550562,千克,0,—,81391552
39140000,以品目3901至39...,15010809,千克,0,—,37924999
39151000,乙烯聚合物的废料、下...,155464,千克,0,—,69815
39152000,苯乙烯聚合物的废料、...,3,千克,0,—,38
39153000,氯乙烯聚合物的废料、...,788330,千克,0,—,377290
39159010,聚对苯二甲酸乙二酯的...,53,千克,0,—,304
39159090,其他塑料的废料、下脚...,4306271,千克,0,—,2478510
39161000,乙烯聚合物单丝（截面...,3107581,千克,0,—,6498369
39162010,氯乙烯聚合物制异型材,8278563,千克,0,—,11600029
39162090,其他氯乙烯聚合物单丝...,9027016,千克,0,—,12306399
39169010,聚酰胺制的单丝（截面...,1021293,千克,0,—,4044446
39169090,未列名塑料单丝（截面...,9991459,千克,0,—,48216922
39171000,硬化蛋白或纤维素材料...,938840,千克,0,—,12078825
39172100,乙烯聚合物制硬管,9770069,千克,0,—,25011761
39172200,丙烯聚合物制硬管,2666671,千克,0,—,9495488
39172300,氯乙烯聚合物制硬管,13610620,千克,0,—,25995294
39172900,其他塑料制硬管,4110200,千克,0,—,19002817
39173100,塑料制的软管，最小爆...,4408971,千克,0,—,28860456
39173200,塑料制的其他未装有附...,8873800,千克,0,—,35626845
39173300,塑料制的其他装有附件...,2891486,千克,0,—,19316346
39173900,未列名塑料管,27949074,千克,0,—,103494704
39174000,塑料制的管子附件,13546103,千克,0,—,73934628
39181010,氯乙烯聚合物制糊墙品,3037832,千克,0,—,10683971
39181090,氯乙烯聚合物制铺地制...,350569000,千克,0,—,391408649
39189010,其他塑料制糊墙品,3523809,千克,0,—,13812244
39189090,其他塑料制铺地制品,54619351,千克,0,—,145150796
39191010,宽≤20cm丙烯酸聚...,2203282,千克,0,—,9585531
39191091,宽≤20cm的成卷胶...,20159,千克,0,—,229861
39191099,其他宽≤20cm成卷...,29198973,千克,0,—,130685896
39199010,胶囊型反光膜,554223,千克,0,—,4221667
39199090,未列名塑料胶粘板、片...,91110527,千克,0,—,405530890
39201010,乙烯聚合物制电池隔膜,3617736,千克,0,—,32931605
39201090,其他乙烯聚合物非泡沫...,102213243,千克,0,—,262672101
39202010,丙烯聚合物制电池隔膜,133084,千克,0,—,2350175
39202090,其他丙烯聚合物非泡沫...,52042486,千克,0,—,106382089
39203000,苯乙烯聚合物非泡沫塑...,10555226,千克,0,—,20827457
39204300,增塑剂≥6％氯乙烯聚...,43067880,千克,0,—,77436551
39204900,其他氯乙烯聚合物制非...,38215160,千克,0,—,104374744
39205100,聚甲基丙烯酸甲酯非泡...,10229555,千克,0,—,31961878
39205900,其他丙烯酸聚合物非泡...,668255,千克,0,—,2239851
39206100,聚碳酸酯非泡沫塑料板...,5245464,千克,0,—,24523806
39206200,聚对苯二甲酸乙二酯非...,54337772,千克,0,—,132786973
39206300,不饱和聚酯非泡沫塑料...,3228315,千克,0,—,9724679
39206900,其他聚酯非泡沫塑料的...,6859217,千克,0,—,31857871
39207100,再生纤维素非泡沫塑料...,1026654,千克,0,—,4405894
39207300,醋酸纤维素非泡沫塑料...,1115568,千克,0,—,9067265
39207900,其他纤维素衍生物非泡...,238007,千克,0,—,1502818
39209100,聚乙烯醇缩丁醛非泡沫...,4822478,千克,0,—,22798692
39209200,聚酰胺制非泡沫塑料的...,8123247,千克,0,—,22990533
39209300,氨基树脂非泡沫塑料板...,906681,千克,0,—,1820529
39209400,酚醛树脂非泡沫塑料板...,4236687,千克,0,—,8614791
39209910,聚四氟乙烯制非泡沫板...,2236601,千克,0,—,18725590
39209990,未列名非泡沫塑料板、...,8344076,千克,0,—,71518364
39211100,苯乙烯聚合物泡沫塑料...,2977846,千克,0,—,12573295
39211210,氯乙烯聚合物泡沫人造...,6385057,千克,9372791,米,26477306
39211290,其他氯乙烯聚合物泡沫...,30895467,千克,0,—,38751629
39211310,氨酯聚合物泡沫人造革...,3832806,千克,6057763,米,29590782
39211390,其他氨酯聚合物泡沫塑...,5444781,千克,0,—,31778394
39211400,再生纤维素泡沫塑料板...,417662,千克,0,—,1830008
39211910,其他泡沫塑料人造革及...,259517,千克,727213,米,3310720
39211990,未列名泡沫塑料板、片...,9563273,千克,0,—,52235072
39219020,嵌有玻璃纤维的聚乙烯...,1095848,千克,0,—,2288973
39219030,附有人造毛毡的聚异丁...,417096,千克,0,—,636990
39219090,未列名塑料板、片、膜...,38473347,千克,0,—,120200263
39221000,塑料浴缸、淋浴盘、洗...,8926624,千克,0,—,48032790
39222000,塑料马桶座圈及盖,6817472,千克,0,—,28837405
39229000,塑料坐浴盆、便盆、抽...,4454494,千克,0,—,37309447
39231000,供运输或包装货物用的...,35473870,千克,0,—,202083142
39232100,供运输或包装货物用的...,102506289,千克,0,—,297640775
39232900,供运输或包装货物用的...,40054963,千克,0,—,203015016
39233000,供运输或包装货物用的...,24332252,千克,0,—,224968246
39234000,塑料卷轴、纡子、筒管...,3225560,千克,0,—,20022851
39235000,塑料塞子、盖子及类似...,21287448,千克,0,—,165286419
39239000,供运输或包装货物用的...,28429659,千克,0,—,210648832
39241000,塑料制餐具及厨房用具,155903455,千克,0,—,727080911
39249000,塑料制其他家庭用具及...,95975312,千克,0,—,615652779
39251000,塑料制囤、柜、罐、桶...,2424215,千克,0,—,10868959
39252000,塑料制门、窗及其框架...,12694813,千克,0,—,31895968
39253000,塑料制窗板、百叶窗或...,8337558,千克,0,—,31989220
39259000,未列名的建筑用塑料制...,103364060,千克,0,—,181634573
39261000,塑料制办公室或学校用...,26220904,千克,0,—,204602247
39262011,聚氯乙烯制手套（分指...,40299648,千克,4304778514,双,101780638
39262019,其他塑料制手套（分指...,6558863,千克,2127652303,双,24443567
39262090,其他塑料制衣服及衣着...,12896031,千克,0,—,79288891
39263000,塑料制家具、车厢或类...,8338569,千克,0,—,62182506
39264000,塑料制小雕塑品及其他...,43441804,千克,0,—,431981530
39269010,塑料制机器及仪器用零...,5319027,千克,0,—,141785601
39269090,未列名塑料制品,267429610,千克,0,—,1712099409
40011000,天然橡胶乳，不论是否...,36567,千克,0,—,75892
40012100,烟胶片,30000,千克,0,—,57000
40012200,技术分类天然橡胶（T...,406800,千克,0,—,639177
40012900,其他形状的天然橡胶,62171,千克,0,—,345468
40021110,羧基丁苯橡胶胶乳,3611154,千克,0,—,3444703
40021190,丁苯橡胶胶乳,1313255,千克,0,—,1684403
40021911,未经任何加工的非溶聚...,3018987,千克,0,—,5594822
40021912,充油非溶聚丁苯橡胶,5585430,千克,0,—,8860998
40021913,初级形状热塑丁苯橡胶,7923775,千克,0,—,14328167
40021914,初级形状充油热塑丁苯...,1421710,千克,0,—,2256616
40021915,未经任何加工的溶聚丁...,387317,千克,0,—,1055953
40021916,充油溶聚丁苯橡胶,2484300,千克,0,—,4271292
40021919,其他初级形状丁苯橡胶...,29285,千克,0,—,102817
40021990,未列名丁苯橡胶及羧基...,7434239,千克,0,—,12203594
40022010,初级形状的丁二烯橡胶,14994572,千克,0,—,27538349
40022090,其他丁二烯橡胶,4648826,千克,0,—,7224718
40023110,初级形状的异丁烯-异...,1624189,千克,0,—,3558839
40023190,其他异丁烯-异戊二烯...,3026211,千克,0,—,5006812
40023910,初级形状的卤代丁基橡...,6847156,千克,0,—,14957133
40023990,其他卤代丁基橡胶,1727868,千克,0,—,3836774
40024100,氯丁二烯（氯丁）橡胶...,6616,千克,0,—,40895
40024910,其他初级形状的氯丁二...,2241504,千克,0,—,9103688
40024990,未列名氯丁二烯（氯丁...,2739,千克,0,—,37971
40025100,丁腈橡胶胶乳,1330820,千克,0,—,1105897
40025910,其他初级形状的丁腈橡...,1613913,千克,0,—,4009498
40025990,未列名丁腈橡胶,369638,千克,0,—,739767
40026010,初级形状的异戊二烯橡...,923135,千克,0,—,1812742
40026090,其他异戊二烯橡胶,1272658,千克,0,—,1887378
40027010,初级形状的乙丙非共轭...,3044000,千克,0,—,6965171
40027090,其他乙丙非共轭二烯橡...,177457,千克,0,—,428156
40028000,4001所列产品与本...,47848,千克,0,—,102043
40029100,未列名合成橡胶胶乳,289492,千克,0,—,627413
40029911,未列名初级形状的合成...,17546696,千克,0,—,45498102
40029919,未列名非初级形状的合...,67588,千克,0,—,123487
40029990,从油类提取的油膏,276475,千克,0,—,437797
40030000,再生橡胶，初级形状或...,5732959,千克,0,—,5460869
40040000,橡胶（硬质橡胶除外）...,880203,千克,0,—,298835
40051000,与碳黑或硅石混合未硫...,2919521,千克,0,—,9967204
40052000,未硫化的复合橡胶溶液...,52,千克,0,—,429
40059100,其他未硫化的复合橡胶...,1688770,千克,0,—,4234296
40059900,其他未硫化的初级形状...,458954,千克,0,—,1247059
40061000,轮胎翻新用胎面补料胎...,19523,千克,0,—,54419
40069010,其他形状（例如，杆、...,76666,千克,0,—,362003
40069020,未硫化橡胶制品,232890,千克,0,—,750138
40070000,硫化橡胶线及绳,1426136,千克,0,—,8049089
40081100,硫化海绵橡胶制板、片...,2229462,千克,0,—,12385285
40081900,硫化海绵橡胶制杆、型...,183170,千克,0,—,832663
40082100,硫化非海绵橡胶制板、...,12645575,千克,0,—,25082335
40082900,硫化非海绵橡胶制杆、...,490297,千克,0,—,4369622
40091100,未经加强或未与其他材...,2702156,千克,0,—,19059149
40091200,未经加强或未与其他材...,1989083,千克,0,—,10720062
40092100,用金属加强或只与金属...,9446704,千克,0,—,26831679
40092200,用金属加强或只与金属...,3322183,千克,0,—,21099970
40093100,用纺材加强或只与纺材...,2905221,千克,0,—,16564380
40093200,用纺材加强或只与纺材...,1874916,千克,0,—,14367307
40094100,用其他材料加强或与其...,518016,千克,0,—,2596097
40094200,用其他材料加强或与其...,3427430,千克,0,—,13582535
40101100,仅用金属加强的硫化橡...,6491218,千克,0,—,17315294
40101200,仅用纺织材料加强的硫...,24678910,千克,0,—,48088525
40101900,其他硫化橡胶制输送带...,1352025,千克,0,—,6295978
40103100,梯形截面V肋环形传动...,1406508,千克,0,—,8184355
40103200,其他梯形截面环形传动...,735491,千克,0,—,4227983
40103300,梯形截面V肋环形传动...,185282,千克,0,—,2069954
40103400,其他梯形截面环形传动...,82855,千克,0,—,704710
40103500,环形同步带，60cm...,201825,千克,0,—,4896105
40103600,环形同步带，150c...,49739,千克,0,—,293069
40103900,其他硫化橡胶制传动带...,2815600,千克,0,—,16261307
40111000,机动小客车用新的充气...,275815349,千克,29945074,条,763340977
40112000,客车或货运机动车辆用...,385661867,千克,10802405,条,837480425
40113000,航空器用新的充气橡胶...,64333,千克,1265,条,1362988
40114000,摩托车用新的充气橡胶...,16212415,千克,4586778,条,46508433
40115000,自行车用新的充气橡胶...,4754135,千克,6362519,条,18588435
40117010,农业或林业车辆及机器...,6727589,千克,120836,条,17687790
40117090,农业或林业车辆及机器...,4096309,千克,438557,条,9930450
40118011,建筑业、采矿业或工业...,1350296,千克,31643,条,3815402
40118012,建筑业、采矿业或工业...,2889026,千克,11581,条,8251804
40118091,建筑业、采矿业或工业...,9368944,千克,483269,条,24987946
40118092,建筑业、采矿业或工业...,32062444,千克,97876,条,109282358
40119010,其他新的人字形胎面或...,70290,千克,4540,条,153170
40119090,未列名新的充气橡胶轮...,12425394,千克,2580493,条,33076509
40121100,机动小客车（包括旅行...,33746,千克,1953,条,24621
40121200,机动大客车或货运车辆...,118106,千克,3520,条,97873
40121300,航空器用翻新的充气橡...,3996,千克,36,条,54960
40121900,其他翻新的充气橡胶轮...,45075,千克,514,条,84513
40122010,汽车用旧的充气轮胎,890892,千克,63001,条,4304835
40122090,其他旧的充气轮胎,475373,千克,46145,条,1308662
40129010,航空器用实心或半实心...,200,千克,0,—,639
40129020,汽车用实心或半实心橡...,1761175,千克,0,—,2699065
40129090,其他实心或半实心橡胶...,4458716,千克,0,—,11465640
40131000,机动小客车、客运机动...,5138199,千克,2359508,条,13900523
40132000,自行车用橡胶内胎,2760307,千克,13004586,条,12986261
40139090,未列名橡胶内胎,7174104,千克,16070827,条,18209076
40141000,硫化橡胶制避孕套,583986,千克,0,—,7291323
40149000,硫化橡胶制其他卫生及...,956591,千克,0,—,5499384
40151200,硫化橡胶制医疗、外科...,28256020,千克,3703466293,双,116356718
40151900,硫化橡胶制其他分指、...,8382905,千克,775048720,双,39676822
40159010,硫化橡胶制医疗、外科...,9751,千克,0,—,95827
40159090,硫化橡胶制其他衣着用...,524430,千克,0,—,6118607
40161010,硫化海绵橡胶制机器及...,269873,千克,0,—,11968890
40161090,其他硫化海绵橡胶制品,2750032,千克,0,—,24784305
40169100,硫化橡胶制铺地用品及...,10182561,千克,0,—,27432020
40169200,硫化橡胶制橡皮擦,2394939,千克,0,—,11170768
40169310,硫化橡胶制机器及仪器...,3736096,千克,0,—,70693258
40169390,硫化橡胶制非机器及仪...,5460008,千克,0,—,63365374
40169400,硫化橡胶制船舶或码头...,2446385,千克,0,—,6646234
40169500,硫化橡胶制其他可充气...,1012693,千克,0,—,10044784
40169910,其他硫化橡胶制机器及...,1569049,千克,0,—,17756533
40169990,未列名硫化橡胶制品,18939818,千克,0,—,106804958
40170010,各种形状的硬质橡胶，...,83280,千克,0,—,310329
40170020,硬质橡胶制品,876237,千克,0,—,6093704
41019011,其他经逆鞣处理的牛皮,344080,千克,0,—,153385
41019019,其他牛皮,859366,千克,0,—,1037418
41022190,其他浸酸的不带毛的绵...,56620,千克,78000,张,439896
41041111,全粒面未剖层及粒面剖...,1757989,千克,0,—,4102333
41041119,其他全粒面未剖层及粒...,12,千克,0,—,238
41041911,其他蓝湿牛皮,2167473,千克,0,—,4077636
41041919,其他牛湿革,45489,千克,0,—,119729
41044100,全粒面未剖层及粒面剖...,15284,千克,0,—,270647
41044910,其他机器带用牛、马科...,4,千克,0,—,264
41044990,其他牛、马科动物干革...,1013003,千克,0,—,4206979
41051010,蓝湿绵羊或羔羊皮,916721,千克,0,—,6188354
41051090,其他绵羊或羔羊湿革,24150,千克,0,—,213372
41053000,绵羊或羔羊干革（坯革...,23336,千克,0,—,483616
41062100,山羊或小山羊湿革（包...,13932,千克,0,—,129022
41063110,蓝湿猪皮,162055,千克,0,—,601977
41063200,猪干革（坯革）,23700,千克,0,—,66600
41069200,其他动物干革（坯革）,188,千克,0,—,751
41071110,整张全粒面未剖层牛皮...,5117,千克,2089,张,14119
41071210,整张粒面剖层牛皮革,856808,千克,224710,张,14359028
41071990,其他整张牛、马科动物...,92400,千克,29377,张,491529
41079100,全粒面未剖层革（整张...,29689,千克,0,—,63953
41079200,粒面剖层革（整张革除...,1720227,千克,0,—,28155798
41079990,未列名牛、马科动物皮...,1790965,千克,0,—,18517692
41120000,鞣制或半硝后加工的不...,76731,千克,0,—,2785915
41131000,经鞣制或半硝处理后加...,48805,千克,0,—,762357
41132000,经鞣制或半硝处理后加...,218540,千克,0,—,3813185
41133000,经鞣制或半硝处理后加...,0,千克,0,—,4785
41139000,经鞣制或半硝处理后加...,9532,千克,0,—,92858
41141000,油鞣皮革（包括结合鞣...,15739,千克,0,—,50970
41142000,漆皮及层压漆皮；镀金...,63203,千克,0,—,797221
41151000,以皮革或皮革纤维为基...,243266,千克,0,—,797784
41152000,皮革或再生皮革的边角...,68778,千克,0,—,37320
42010000,各种材料制成的鞍具及...,5404517,千克,0,—,86620281
42021110,以皮革或再生皮革作面...,220361,千克,248711,个,3091502
42021190,以皮革或再生皮革作面...,1132148,千克,3495952,个,52027636
42021210,以塑料或纺织材料作面...,7407029,千克,3644844,个,44088489
42021290,以塑料或纺织材料作面...,99727269,千克,190742084,个,960567723
42021900,以其他材料作面的衣箱...,521607,千克,3335980,个,18397901
42022100,以皮革或再生皮革作面...,2033661,千克,3951331,个,61919661
42022200,以塑料片或纺织材料作...,31556484,千克,135394100,个,477222787
42022900,以其他材料作面的手提...,571642,千克,2858453,个,10265229
42023100,以皮革或再生皮革作面...,801391,千克,7187185,个,46406905
42023200,以塑料片或纺织材料作...,11168649,千克,141625756,个,162979439
42023900,以其他材料作面通常置...,141821,千克,1898543,个,1256618
42029100,以皮革或再生皮革作面...,339169,千克,1971408,个,15185981
42029200,以塑料片或纺织材料作...,64062834,千克,452586108,个,816632397
42029900,以其他材料作面的其他...,1298592,千克,9593091,个,14932765
42031000,皮革或再生皮革制的衣...,221534,千克,1223736,件,12045353
42032100,皮革或再生皮革制专供...,57006,千克,199440,双,3079298
42032910,皮革或再生皮革制的劳...,1164003,千克,6489055,双,12918544
42032990,皮革或再生皮革制的未...,53913,千克,430734,双,1352959
42033010,皮革或再生皮革制的腰...,908819,千克,0,—,32340622
42034000,皮革或再生皮革制的其...,60636,千克,0,—,1032555
42050010,皮革或再生皮革的座套,542024,千克,0,—,17149634
42050020,机器、机械器具或其他...,1650,千克,0,—,44825
42050090,皮革或再生皮革的其他...,720058,千克,0,—,19224979
42060000,肠线（蚕胶丝除外）、...,46,千克,0,—,39730
43018010,整张兔皮,22820,千克,180200,张,29394
43021910,未缝制整张灰鼠、白鼬...,32,千克,49,张,2426
43021920,未缝制整张兔皮,10,千克,247,张,358
43021930,未缝制的整张下列羔羊...,7564,千克,12834,张,300762
43021990,未列名未缝制的整张毛...,345770,千克,427445,张,10329563
43022000,未缝制的头、尾、爪及...,9431,千克,0,—,5653
43023090,其他已缝制的整张毛皮...,12613,千克,0,—,312386
43031010,毛皮衣服,15518,千克,17327,件,2820451
43031020,毛皮衣着附件,7077,千克,0,—,3044296
43039000,其他毛皮制品,159832,千克,0,—,3391782
43040010,人造毛皮,90075,千克,0,—,599545
43040020,人造毛皮制品,129997,千克,0,—,1161047
44011200,非针叶木薪柴（圆木段...,63620,千克,0,—,60698
44012100,针叶木的木片或木粒,44965,千克,0,—,29359
44012200,非针叶木的木片或木粒,6668,千克,0,—,3613
44013100,木屑棒,476821,千克,0,—,140510
44013900,其他锯末、木废料及碎...,794870,千克,0,—,287959
44014100,未粘结的锯末,230757,千克,0,—,47245
44014900,未粘结的木废料及碎片...,321706,千克,0,—,185891
44021000,竹炭，不论是否结块,3871592,千克,0,—,5298349
44022000,果壳炭或果核炭，不论...,43800,千克,0,—,17360
44029000,其他木炭，不论是否结...,3399619,千克,0,—,3596591
44041000,针叶木的箍木、木劈条...,294996,千克,0,—,204909
44042000,非针叶木的箍木、木劈...,110839,千克,0,—,72205
44050000,木丝；木粉,395049,千克,0,—,276753
44069100,已浸渍针叶木铁道及电...,28,千克,0,立方米,40
44071110,红松和樟子松木材，经...,782712,千克,1689,立方米,957911
44071120,辐射松木材，经纵锯、...,703849,千克,1378,立方米,796065
44071190,其他松木（松属）木材...,262793,千克,517,立方米,182785
44071200,冷杉及云杉木材，经纵...,237549,千克,532,立方米,301535
44071300,云杉-松木-冷杉木材...,169469,千克,341,立方米,145273
44071400,铁杉-冷杉木材，经纵...,385518,千克,779,立方米,274415
44071910,花旗松木材，经纵锯、...,10764,千克,22,立方米,4795
44071990,其他针叶木木材，经纵...,185284,千克,432,立方米,259139
44072300,柚木木材，经纵锯、纵...,179133,千克,224,立方米,235241
44072500,深红色红柳桉木、浅红...,22710,千克,43,立方米,16331
44072990,未列名热带木木材，经...,280304,千克,478,立方米,266889
44079100,栎木(橡木)木材，经...,181973,千克,237,立方米,281253
44079300,槭木（枫木）木材，经...,419203,千克,595,立方米,468907
44079400,樱桃木木材，经纵锯、...,1600,千克,3,立方米,6739
44079500,白蜡木木材，经纵锯、...,166619,千克,247,立方米,235163
44079600,桦木木材，经纵锯、纵...,3943045,千克,5463,立方米,3129837
44079700,杨木木材，经纵锯、纵...,26985,千克,56,立方米,59085
44079920,泡桐木木材，经纵锯、...,842020,千克,2812,立方米,1927016
44079930,经纵锯切、刨或旋切的...,65834,千克,124,立方米,159038
44079980,纵锯切刨或旋切其他温...,6510,千克,8,立方米,7955
44079990,未列名纵锯切、刨或旋...,107689,千克,2067,立方米,155725
44081019,其他针叶木饰面用单板...,425752,千克,0,—,564864
44081020,针叶木制胶合板用单板...,205300,千克,0,—,203831
44081090,其他针叶木木材，经纵...,90226,千克,0,—,405300
44083190,其他纵锯切刨或旋切的...,203500,千克,0,—,544890
44083911,用胶合板等多层板制的...,344744,千克,0,—,380556
44083919,其他饰面用单板，其他...,732017,千克,0,—,1367469
44083920,制胶合板用单板，其他...,82884,千克,0,—,47157
44083990,其他经纵锯、刨切或旋...,25140,千克,0,—,86934
44089011,用胶合板等多层板制的...,217656,千克,0,—,1241860
44089012,温带非针叶木制饰面用...,2155719,千克,0,—,5512675
44089013,竹制饰面用单板，厚≤...,4069,千克,0,—,8139
44089019,其他木制饰面用单板，...,14284005,千克,0,—,30707642
44089021,温带非针叶木制胶合板...,1778578,千克,0,—,3276453
44089029,其他木制胶合板用单板...,5456842,千克,0,—,3615232
44089091,温带非针叶木制经纵刨...,1498579,千克,0,—,4315196
44089099,未列名木制经纵锯、刨...,572821,千克,0,—,1299559
44091010,任一边、端或面制成连...,126603,千克,0,—,123807
44091090,其他任一边、端或面制...,98770,千克,0,—,200640
44092110,任何一边、端或面制成...,3628589,千克,0,—,5762136
44092190,其他任何一边、端或面...,62723,千克,0,—,149786
44092210,热带木制的地板条(块...,197797,千克,0,—,312361
44092290,热带木制的任何一边、...,79310,千克,0,—,73463
44092910,其他任一边、端或面成...,3075979,千克,0,—,4838802
44092990,其他任一边、端或面成...,47230,千克,0,—,77210
44101100,木制碎料板,22219243,千克,0,—,10879491
44101200,木制定向刨花板（OS...,12176241,千克,0,—,6723752
44101900,其他木制类似板（例如...,3816519,千克,0,—,8539483
44109011,麦稻秸秆制碎料板,71424,千克,0,—,39179
44109019,其他木质材料制碎料板,285144,千克,0,—,164087
44109090,其他木质材料制定向刨...,112764,千克,0,—,313845
44111211,未机械加工中密度板，...,3291713,千克,0,—,1531984
44111219,经机械加工中密度板，...,7915119,千克,0,—,5495960
44111229,其他中密度板0.5g...,18438360,千克,0,—,7262090
44111291,未加工中密度板，密度...,19720,千克,0,—,154547
44111299,加工中密度板，密度≤...,2090496,千克,0,—,4815069
44111311,未加工中密度板，密度...,1328663,千克,0,—,473216
44111319,加工中密度板，密度＞...,14098794,千克,0,—,9214059
44111321,辐射松制的中密度板，...,115854,千克,0,—,350968
44111329,其他中密度板0.5g...,12342451,千克,0,—,4846249
44111399,加工中密度板，密度≤...,376918,千克,0,—,1034994
44111411,未加工中密度板，密度...,3418221,千克,0,—,1535486
44111419,加工中密度板，密度＞...,21824386,千克,0,—,16019255
44111421,辐射松制的中密度板，...,171111,千克,0,—,338394
44111429,其他中密度板0.5g...,115881990,千克,0,—,45742583
44111491,经机械加工加工中密度...,73336,千克,0,—,334712
44111499,经机械加工加工中密度...,1812511,千克,0,—,2238395
44119290,加工木纤维板，密度＞...,11255282,千克,0,—,7596627
44119390,木纤板，0.5g/c...,95100,千克,0,—,168778
44119410,木纤板，0.35g/...,136570,千克,0,—,236678
44119429,加工木纤板，密度≤0...,18211,千克,0,—,68751
44121011,仅由薄板制的竹胶合板...,36260,千克,47,立方米,24210
44121019,其他仅由薄板制的竹胶...,970989,千克,1429,立方米,780655
44121020,其他薄板制竹胶板，单...,582790,千克,624,立方米,419971
44121094,其他竹制胶合板、单板...,3458,千克,4,立方米,2883
44121095,其他竹制胶合板、单板...,51618,千克,114,立方米,113153
44121099,其他竹制胶合板、单板...,1595251,千克,2972,立方米,2428667
44123100,仅由薄木板制的其他胶...,22978290,千克,44879,立方米,15714863
44123300,仅由薄木板制的其他胶...,324552050,千克,599981,立方米,239961560
44123410,仅由薄木板制的其他胶...,2700414,千克,4425,立方米,3531048
44123490,仅由薄木板制的其他胶...,5277096,千克,8627,立方米,4943753
44123900,仅由薄木板制的其他胶...,49345076,千克,103061,立方米,33223684
44124200,其他单板层积材（LV...,8602811,千克,15575,立方米,5979021
44124911,其他单板层积材（LV...,25500,千克,45,立方米,12705
44124990,未列名单板层积材（L...,2505328,千克,4422,立方米,1626869
44125100,木块芯胶合板、侧板条...,363426,千克,799,立方米,319443
44125200,其他木块芯胶合板、侧...,11636669,千克,22666,立方米,27912824
44125919,其他木块芯胶合板、侧...,55300,千克,3073,立方米,181670
44125920,其他木块芯胶合板、侧...,20640,千克,49,立方米,21163
44125990,未列名木块芯胶合板、...,69450,千克,135,立方米,227673
44129100,其他胶合板、单板饰面...,684736,千克,1041,立方米,701504
44129200,其他胶合板、单板饰面...,9624535,千克,15981,立方米,17089158
44129920,其他胶合板、单板饰面...,600,千克,2,立方米,1702
44129940,其他胶合板、单板饰面...,100031,千克,199,立方米,310305
44129990,未列名胶合板、单板饰...,1831657,千克,4969,立方米,1863719
44130000,强化木，成块、板、条...,1335155,千克,0,—,1096760
44141000,热带木制的画框、相框...,4812,千克,0,—,47039
44149010,辐射松制的画框、相框...,121792,千克,0,—,481013
44149090,其他木制的画框、相框...,13915723,千克,0,—,32093377
44151000,木制箱、盒、桶及类似...,1603775,千克,240202,件,4097615
44152010,辐射松制托板箱形托盘...,36340,千克,2192,件,52959
44152090,木托板、箱形托盘及其...,6760782,千克,508657,件,4422115
44160010,辐射松制大桶、琵琶桶...,120,千克,0,—,260
44160090,木制大桶、琵琶桶、盆...,16532,千克,0,—,54510
44170010,辐射松制工具等；扫帚...,3841,千克,0,—,6172
44170090,木制工具等；扫帚及刷...,4525671,千克,0,—,5747241
44181910,辐射松制的窗、法兰西...,94238,千克,0,—,505820
44181990,其他木制窗、法兰西式...,2855906,千克,0,—,15410892
44182100,热带木制门及其框架和...,802310,千克,0,—,2180118
44182900,非热带木制门及其框架...,23927571,千克,0,—,54232081
44183000,"木制柱及梁,子目44...",1411815,千克,0,—,1871160
44184000,木制水泥构件的模板,2704024,千克,0,—,1778556
44185000,木瓦及木制盖屋板,463177,千克,0,—,904356
44187320,其他竹制多层已装拼的...,265333,千克,0,—,371426
44187390,其他已装拼的地板，竹...,2360859,千克,0,—,3100885
44187400,其他马赛克地板用已装...,154998,千克,0,—,382383
44187500,其他多层已装拼的木地...,50822,千克,0,—,265567
44187900,其他已装拼木地板,445241,千克,0,—,1545427
44188100,木制集成材,3012977,千克,0,—,3669476
44188300,木制工字梁,873099,千克,0,—,1103100
44188900,其他工程结构木制品,1052690,千克,0,—,904724
44189100,竹制其他建筑用木工制...,649518,千克,0,—,642633
44189200,蜂窝结构木镶板,26000,千克,0,—,48400
44189900,未列名建筑用木工制品,12485472,千克,0,—,26547200
44191100,竹制切面包板、 砧板...,3450963,千克,0,—,7287827
44191210,竹制一次性筷子,13209032,千克,0,—,25655072
44191290,其他竹制筷子,217893,千克,0,—,1086756
44191900,其他竹制餐具及厨房用...,3737573,千克,0,—,16625287
44192000,热带木制餐具及厨房用...,29912,千克,0,—,121375
44199010,其他木制一次性筷子,3778823,千克,0,—,6021945
44199090,未列名木制餐具及厨房...,7978200,千克,0,—,34304762
44201190,其他热带木制小雕像及...,92893,千克,0,—,322005
44201911,其他木刻,14765,千克,0,—,130807
44201920,其他木扇,21158,千克,0,—,176948
44201990,其他木制小雕像及装饰...,6304160,千克,0,—,31392102
44209010,镶嵌木,4107,千克,0,—,10866
44209090,珠宝或刀具木盒及类似...,4997195,千克,0,—,27747509
44211000,木制衣架,4786805,千克,0,—,17248788
44212000,木制棺材,4669014,千克,0,—,16127874
44219110,竹制圆签、圆棒、冰果...,13735107,千克,0,—,24569768
44219190,未列名竹制品,5357437,千克,0,—,14740424
44219910,其他木制圆签、圆棒、...,8033303,千克,0,—,15430085
44219990,未列名木制品,95450980,千克,37,—,213564455
45019020,碎的、粒状的或粉状的...,47712,千克,0,—,109271
45031000,天然软木塞子,383,千克,0,—,21310
45039000,其他天然软木制品,82036,千克,0,—,202774
45041000,压制软木块、板、片及...,1049649,千克,0,—,3110958
45049000,其他压制软木及其制品,109051,千克,0,—,450162
46012100,竹制的席子、席料及帘...,3067345,千克,1124618,张,7949515
46012200,藤制的席子、席料及帘...,3298,千克,1263,张,6951
46012911,灯心草属材料制的席子...,1394831,千克,861982,张,6507273
46012919,其他草制的席子、席料...,219675,千克,266769,张,608636
46012921,苇帘,3925162,千克,3585872,张,4759827
46012929,芦苇制的席子、席料,15904,千克,1797,张,23873
46012990,其他植物材料制的席子...,1297782,千克,173653,张,3118820
46019210,竹制的缏条及类似产品...,41241,千克,0,—,136776
46019290,竹制其他平行连结或编...,2595062,千克,0,—,3402799
46019310,藤制的缏条及类似产品...,13354,千克,0,—,242913
46019390,藤制其他平行连结或编...,9632,千克,0,—,174152
46019411,稻草制的缏条（绳）,218200,千克,0,—,226557
46019419,稻草制其他平行连结或...,4425,千克,0,—,41076
46019491,未列名植物编结材料编...,1886,千克,0,—,8239
46019499,未列名植物编结材料制...,557770,千克,0,—,1441668
46019910,非植物编结材料编成的...,61202,千克,0,—,267038
46019990,非植物编结材料制其他...,2133711,千克,0,—,8397042
46021100,竹制篮筐及其他编结品,1294854,千克,0,—,6040577
46021200,藤制篮筐及其他编结品,420064,千克,0,—,3062416
46021910,草制篮筐及其他编结品,2132826,千克,0,—,22039123
46021920,玉米皮制篮筐及其他编...,132810,千克,0,—,1358682
46021930,柳条制篮筐及其他编结...,2130303,千克,0,—,20607421
46021990,其他植物材料制篮筐等...,635260,千克,0,—,6631923
46029000,非植物编结材料制篮筐...,4485222,千克,0,—,30913219
47020000,化学木浆、溶解级,40391,千克,0,—,73794
47031100,未漂白的针叶木烧碱木...,1416086,千克,0,—,867291
47031900,未漂白的非针叶木烧碱...,4000,千克,0,—,8653
47032100,半漂白或漂白的针叶木...,5068687,千克,0,—,4714538
47032900,半漂白或漂白非针叶木...,1574805,千克,0,—,936696
47061000,棉短绒纸浆,10701059,千克,0,—,16450306
47062000,从回收（废碎）纸或纸...,51120,千克,0,—,29819
47063000,其他纤维状纤维素竹浆,1536208,千克,0,—,1505540
47069100,其他纤维状纤维素机械...,87540,千克,0,—,27156
47069200,其他纤维状纤维素化学...,976843,千克,0,—,1011167
47072000,回收（废碎）漂白化学...,723170,千克,0,—,356312
48010010,成卷的新闻纸,490644,千克,0,—,630732
48010090,成张的新闻纸,295445,千克,0,—,837851
48021010,宣纸,82615,千克,0,—,655592
48021090,其他手工制纸及纸板,216172,千克,0,—,1130064
48022010,照相原纸,75972,千克,0,—,140926
48022090,其他光敏热敏电敏纸及...,286653,千克,0,—,534948
48024000,壁纸原纸,996258,千克,0,—,996046
48025400,其他未涂书写印刷纸，...,2464785,千克,0,—,3973319
48025500,其他未涂书写印刷纸，...,33222418,千克,0,—,39811656
48025600,其他未涂书写印刷纸，...,34579148,千克,0,—,30947532
48025700,其他未涂书写印刷纸，...,23230781,千克,0,—,18714333
48025800,其他未涂书写印刷纸，...,2440875,千克,0,—,2982314
48026100,其他未涂书写印刷纸，...,8829590,千克,0,—,7366355
48026200,其他未涂书写印刷纸，...,3553490,千克,0,—,4489274
48026900,其他未涂书写印刷纸，...,8379085,千克,0,—,8452157
48030000,成卷成张的家庭或卫生...,45330386,千克,0,—,52251697
48041100,未漂白牛皮挂面板纸,1006427,千克,0,—,715538
48041900,其他牛皮挂面板纸,1096089,千克,0,—,758027
48042100,未漂白袋用牛皮纸,2063648,千克,0,—,1763557
48042900,其他袋用牛皮纸,380181,千克,0,—,448677
48043100,其他未涂布未漂白牛皮...,2253248,千克,0,—,2969358
48043900,其他未涂布牛皮纸，平...,1876394,千克,0,—,2207157
48044100,其他未涂未漂白牛皮纸...,1418258,千克,0,—,1238142
48044200,未涂布本体漂白牛皮纸...,221553,千克,0,—,243194
48044900,其他未涂布的牛皮纸，...,187191,千克,0,—,210183
48045100,其他未涂布未漂白牛皮...,601219,千克,0,—,577593
48045200,未涂布的本体漂白牛皮...,65299,千克,0,—,85577
48045900,其他未涂布的牛皮纸，...,53810,千克,0,—,54978
48051100,半化学瓦楞原纸,195762,千克,0,—,111325
48051200,草浆瓦楞原纸,767550,千克,0,—,281470
48051900,其他瓦楞原纸,770169,千克,0,—,650928
48052400,强韧箱纸板（再生挂面...,48293,千克,0,—,30675
48052500,强韧箱纸板（再生挂面...,326797,千克,0,—,221529
48053000,亚硫酸盐包装纸,32365,千克,0,—,46006
48054000,滤纸及纸板,2426601,千克,0,—,5743368
48055000,毡纸及纸板,7126,千克,0,—,9100
48059110,电解电容器纸，每平米...,52377,千克,0,—,280148
48059120,装饰原纸，每平方米重...,9481433,千克,0,—,17492881
48059190,其他未经涂布的纸及纸...,8178762,千克,0,—,11889102
48059200,其他未涂布纸及纸板，...,15242013,千克,0,—,12699840
48059300,其他未涂布纸及纸板，...,24855503,千克,0,—,26875194
48061000,植物羊皮纸,499900,千克,0,—,1006764
48062000,防油纸,1052261,千克,0,—,2355231
48063000,描图纸,994123,千克,0,—,3059080
48064000,半透明玻璃纸及其他高...,13706575,千克,0,—,19115209
48070000,成卷或成张的复合纸及...,838376,千克,0,—,1581421
48081000,瓦楞纸及纸板，不论是...,2427935,千克,0,—,3547287
48084000,皱纹牛皮纸，不论是否...,13283,千克,0,—,34315
48089000,其他皱纹纸及纸板、压...,2136964,千克,0,—,3960503
48092000,自印复写纸，成卷或成...,4174867,千克,0,—,5373961
48099000,复写纸及其他拷贝或转...,8953434,千克,0,—,15939318
48101300,高岭土及其他无机物涂...,23633214,千克,0,—,20769216
48101400,高岭土及其他无机物涂...,127639,千克,0,—,191680
48101900,其他高岭土及其他无机...,44015557,千克,0,—,35583145
48102200,高岭土及其他无机物涂...,3124272,千克,0,—,2746965
48102900,其他高岭土及其他无机...,121649946,千克,0,—,109805624
48103100,高岭土及其他无机物涂...,1890666,千克,0,—,2130382
48103200,高岭土及其他无机物涂...,56816405,千克,0,—,47057098
48103900,其他涂布高岭土或其他...,1033194,千克,0,—,1402607
48109200,涂布高岭土或其他无机...,185676597,千克,0,—,146403297
48109900,未列名涂布高岭土或其...,2612203,千克,0,—,3709781
48111000,成卷或成张矩形焦油纸...,47585,千克,0,—,63267
48114100,成卷或成张矩形的任何...,34420894,千克,0,—,73523444
48114900,成卷或成张矩形的其他...,1016448,千克,0,—,2729686
48115110,彩色相纸用双面涂塑纸...,795015,千克,0,—,1843174
48115191,纸塑铝复合材料，每平...,18191805,千克,0,—,46490103
48115199,其他用塑料（不包括黏...,3586576,千克,0,—,5151852
48115910,其他用塑料涂布、浸渍...,644893,千克,0,—,1789701
48115991,镀铝的用塑料（不包括...,5870373,千克,0,—,15363399
48115999,未列名用塑料(不包括...,27195849,千克,0,—,37154064
48116010,用蜡、石蜡、硬脂精、...,331738,千克,0,—,798704
48116090,其他用蜡、石蜡、硬脂...,3347090,千克,0,—,7822182
48119000,未列名成卷成张矩形浸...,46882410,千克,0,—,78325187
48120000,纸浆制的滤块、滤板及...,46870,千克,0,—,203728
48131000,成小本或管状的卷烟纸,27960,千克,0,—,14504
48132000,宽度≤5cm成卷的卷...,4126906,千克,0,—,8387761
48139000,其他卷烟纸，不论是否...,2465866,千克,0,—,7968088
48142000,用塑料涂面或盖面的壁...,8581745,千克,0,—,36266421
48149000,其他壁纸及类似品；窗...,45183,千克,0,—,207774
48162000,自印复写纸,1295818,千克,0,—,1863487
48169010,热敏转印纸（4809...,4928875,千克,0,—,11460482
48169090,复写纸、拷贝或转印纸...,575905,千克,0,—,861515
48171000,纸或纸板制的信封,3390520,千克,0,—,12292804
48172000,纸或纸板制封缄信片、...,75778,千克,0,—,2094028
48173000,纸或纸板制盒、袋及夹...,1480922,千克,0,—,14267197
48181000,卫生纸,34061635,千克,0,—,77799658
48182000,纸手帕及面巾纸,32188192,千克,0,—,83359228
48183000,纸台布及纸餐巾,9886127,千克,0,—,25158172
48185000,纸浆、纸、纤维素絮纸...,428060,千克,0,—,2279768
48189000,纸浆、纸等制的其他家...,27983982,千克,0,—,55998521
48191000,瓦楞纸或纸板制的箱、...,50206966,千克,0,—,136483056
48192000,非瓦楞纸或纸板制的可...,31786378,千克,0,—,168158610
48193000,底宽≥40cm的纸袋,1402886,千克,0,—,3037540
48194000,其他纸袋，包括锥形袋,35736204,千克,0,—,125583060
48195000,纸、纸板制其他包装容...,6381481,千克,0,—,54131939
48196000,纸或纸板制的卷宗盒、...,722843,千克,0,—,7481835
48201000,帐本、笔记本、收据本...,33705594,千克,0,—,122941216
48202000,练习本,7667374,千克,0,—,12852828
48203000,纸或纸板制的活动封面...,4448148,千克,0,—,10234780
48204000,多联商业表格纸、页间...,275196,千克,0,—,1023407
48205000,纸或纸板制的样品簿及...,2139873,千克,0,—,10690548
48209000,纸或纸板制的其他文具...,1551317,千克,0,—,8386209
48211000,纸或纸板制的各种标签...,11548933,千克,0,—,112641448
48219000,纸或纸板制的各种标签...,6305092,千克,0,—,27416376
48221000,纸制的纺织纱线用筒管...,536139,千克,0,—,953014
48229000,其他纸制筒管、卷轴、...,2001951,千克,0,—,5282147
48232000,切成一定尺寸或形状的...,4652428,千克,0,—,23869460
48234000,已印制的自动记录器用...,1352590,千克,0,—,5237935
48236100,竹浆纸或纸板制的盘、...,770907,千克,0,—,2999841
48236910,非木植物浆纸或纸板制...,7347641,千克,0,—,18711096
48236990,未列名纸或纸板制的盘...,44980494,千克,0,—,131555581
48237000,压制或模制纸浆制品,18597789,千克,0,—,57213132
48239010,以纸或纸板为底制成的...,9939,千克,0,—,26954
48239020,神纸及类似用品,4748861,千克,0,—,21126769
48239030,纸扇,186667,千克,0,—,2802897
48239090,未列名切成形的纸、纸...,41373969,千克,0,—,198118891
49011000,单张的散页印刷品及类...,560199,千克,0,—,1998133
49019100,字典或百科全书及其连...,23341,千克,0,—,103035
49019900,其他书籍、小册子及类...,29401516,千克,0,—,83175670
49021000,每周至少出版四次的报...,9091,千克,0,—,5531
49029000,其他报纸、杂志及期刊,57209,千克,0,—,329829
49030000,儿童图画书、绘画或涂...,13808865,千克,0,—,40492724
49040000,乐谱原稿或印本，不论...,1318,千克,0,—,12567
49052000,成册的地图、水道图及...,21593,千克,0,—,71725
49059000,其他地图、水道图及类...,42714,千克,0,—,293418
49060000,手绘的设计图纸原稿和...,4041,千克,0,—,152673
49070010,在承认或将承认其面值...,1494,千克,0,—,199546
49070020,承认国流通新发行的钞...,36720,千克,0,—,512880
49070090,承认国流通新发行未用...,417,千克,0,—,2682658
49081000,釉转印贴花纸（移画印...,189055,千克,0,—,4109949
49089000,其他转印贴花纸（移画...,3515967,千克,0,—,23161216
49090010,印刷或有图画的明信片,116757,千克,0,—,1132012
49090090,印有个人问候、祝贺、...,3477306,千克,0,—,27712884
49100000,印刷的各种日历，包括...,1954185,千克,0,—,6723683
49111010,无商业价值的商业广告...,3600359,千克,0,—,32249186
49111090,其他商业广告品、商品...,1550037,千克,0,—,17781706
49119100,印刷的图片、设计图样...,5617873,千克,0,—,20097921
49119910,纸质的其他印刷品,2716405,千克,0,—,13770500
49119990,其他印刷品,3703652,千克,0,—,20790999
50020011,桑蚕厂丝,133518,千克,0,—,9332948
50020020,柞蚕丝,35283,千克,0,—,2424714
50030011,不适于缫丝的下茧、茧...,5000,千克,0,—,440013
50030012,回收的纤维状废丝,3481,千克,0,—,53982
50030019,其他未梳废丝,3040,千克,0,—,25970
50030091,废丝绵球（包括绵条、...,25875,千克,0,—,1346977
50030099,其他废丝,25020,千克,0,—,694215
50040000,丝纱线（绢纺纱线除外...,136330,千克,0,—,9174363
50050010,紬丝纱线，非供零售用,21602,千克,0,—,558509
50050090,其他绢纺纱线，非供零...,93756,千克,0,—,5243641
50060000,丝纱线及绢纺纱线，供...,23,千克,0,—,784
50071010,未漂白或漂白紬丝机织...,104000,米,18720,千克,112320
50071090,其他紬丝机织物,1423,米,66,千克,7751
50072011,未漂白或漂白桑蚕丝机...,1882031,米,123103,千克,13599025
50072019,其他桑蚕丝机织物，丝...,710804,米,58908,千克,8833191
50072029,其他柞蚕丝机织物，丝...,628,米,35,千克,6688
50072031,未漂白或漂白绢丝机织...,13746,米,1167,千克,103934
50072039,其他绢丝机织物，丝≥...,9224,米,3753,千克,34072
50072090,未列名丝机织物，丝≥...,149311,米,7185,千克,95204
50079010,其他未漂白或漂白丝机...,52501,米,4975,千克,220953
50079090,未列名丝机织物，丝＜...,67216,米,17977,千克,344493
51012100,未梳脱脂剪羊毛，未碳...,325949,千克,0,—,505141
51012900,其他未梳脱脂羊毛，未...,284689,千克,0,—,379071
51013000,未梳碳化羊毛,368838,千克,0,—,2457223
51021100,未梳喀什米尔山羊绒毛,15606,千克,0,—,1720184
51021920,未梳其他山羊绒,9280,千克,0,—,462015
51031010,羊毛落毛,158879,千克,0,—,686096
51032010,羊毛废料,26491,千克,0,—,16160
51051000,粗梳羊毛,862093,千克,0,—,2102950
51052100,精梳羊毛片毛,65052,千克,0,—,582036
51052900,羊毛条及其他精梳羊毛,2792893,千克,0,—,32959628
51053100,已梳喀什米尔山羊绒毛,68,千克,0,—,140
51053910,已梳兔毛,11590,千克,0,—,302559
51053921,已梳无毛山羊绒,250279,千克,0,—,23870401
51053990,其他已梳动物细毛,36233,千克,0,—,911876
51054000,已梳动物粗毛,1950,千克,0,—,86832
51061000,粗梳羊毛纱线，非供零...,503722,千克,0,—,9468778
51062000,粗梳羊毛纱线，非供零...,326196,千克,0,—,6237491
51071000,精梳羊毛纱线，非供零...,889721,千克,0,—,19186022
51072000,精梳羊毛纱线，非供零...,123079,千克,0,—,2260207
51081011,粗梳山羊绒≥85％的...,310555,千克,0,—,32804619
51081019,粗梳其他动物细毛≥8...,2514,千克,0,—,118923
51081090,粗梳动物细毛＜85%...,9901,千克,0,—,299462
51082011,精梳山羊绒≥85％的...,15988,千克,0,—,1887217
51082019,精梳其他动物细毛≥8...,2018,千克,0,—,20022
51082090,精梳动物细毛＜85%...,18002,千克,0,—,791734
51091019,其他动物细毛≥85％...,2920,千克,0,—,16442
51091090,羊毛≥85％的纱线，...,31087,千克,0,—,436778
51099011,山羊绒＜85％的纱线...,4046,千克,0,—,451910
51099019,其他动物细毛＜85％...,252,千克,0,—,7628
51099090,羊毛＜85％的纱线，...,53739,千克,0,—,742044
51100000,动物粗毛或马毛的纱线,2300,千克,0,—,41153
51111111,粗梳山羊绒≥85%的...,6146,米,3309,千克,240608
51111119,粗梳其他动物细毛≥8...,70,米,24,千克,2691
51111190,粗梳羊毛≥85%的机...,21499,米,8217,千克,205805
51111911,粗梳山羊绒≥85%的...,8509,米,5759,千克,600448
51111990,粗梳羊毛≥85%的机...,57166,米,40383,千克,795158
51112000,粗梳毛＜85％主要或...,80073,米,43400,千克,571103
51113000,粗梳毛＜85％主要或...,557314,米,359190,千克,3758604
51119000,粗梳毛＜85％与其他...,24416,米,9613,千克,104184
51121100,精梳毛≥85％的机织...,460046,米,123788,千克,4792518
51121900,精梳毛≥85％的机织...,128738,米,48420,千克,1168715
51122000,精梳毛＜85％主要或...,93993,米,51710,千克,892413
51123000,精梳毛＜85％主要或...,847462,米,253380,千克,6798654
51129000,精梳毛＜85％与其他...,18913,米,5169,千克,63467
51130000,动物粗毛或马毛机织物,46193,米,19168,千克,209256
52010000,未梳的棉花,2088043,千克,0,—,4216377
52021000,废棉纱线（包括废棉线...,6325,千克,0,—,5550
52041100,含棉≥85％的缝纫线...,270403,千克,0,—,1722281
52041900,含棉＜85％的缝纫线...,33683,千克,0,—,115655
52042000,棉制缝纫线，供零售用,231462,千克,0,—,1196850
52051100,未精梳单纱，棉≥85...,432880,千克,0,—,1364942
52051200,未精梳单纱，棉≥85...,462444,千克,0,—,1687765
52051300,未精梳单纱，棉≥85...,148515,千克,0,—,442225
52051400,未精梳单纱，棉≥85...,201125,千克,0,—,969312
52051500,未精梳单纱，棉≥85...,2,千克,0,—,40
52052100,精梳单纱，棉≥85％...,59721,千克,0,—,443158
52052200,精梳单纱，棉≥85％...,720458,千克,0,—,3552712
52052300,精梳单纱，棉≥85％...,680938,千克,0,—,3110926
52052400,精梳单纱，棉≥85％...,4102541,千克,0,—,14956937
52052600,精梳单纱，棉≥85％...,379352,千克,0,—,1786547
52052700,精梳单纱，棉≥85％...,2991941,千克,0,—,13420375
52052800,精梳单纱，棉≥85％...,1967237,千克,0,—,10287268
52053100,未精梳多股纱线，棉≥...,11533,千克,0,—,57239
52053200,未精梳多股线，棉≥8...,508993,千克,0,—,2906434
52053300,未精梳多股线，棉≥8...,44056,千克,0,—,686281
52053400,未精梳多股线，棉≥8...,133763,千克,0,—,358964
52053500,未精梳多股线，棉≥8...,5,千克,0,—,76
52054100,精梳多股纱线，棉≥8...,53856,千克,0,—,372371
52054200,精梳多股纱线，棉≥8...,970918,千克,0,—,7033479
52054300,精梳多股纱线，棉≥8...,60031,千克,0,—,374590
52054400,精梳多股纱线，棉≥8...,487782,千克,0,—,3131782
52054600,精梳多股纱线，棉≥8...,4253,千克,0,—,32929
52054700,精梳多股纱线，棉≥8...,105610,千克,0,—,702972
52054800,精梳多股纱线，棉≥8...,377121,千克,0,—,3994718
52061100,未精梳单纱，棉＜85...,1666688,千克,0,—,2967101
52061200,未精梳单纱，棉＜85...,1844938,千克,0,—,3980079
52061300,未精梳单纱，棉＜85...,84928,千克,0,—,275360
52061400,未精梳单纱，棉＜85...,40015,千克,0,—,223803
52061500,未精梳单纱，棉＜85...,15231,千克,0,—,184115
52062100,精梳单纱，棉＜85％...,46245,千克,0,—,419836
52062200,精梳单纱，棉＜85％...,279791,千克,0,—,1011844
52062300,精梳单纱，棉＜85％...,125637,千克,0,—,920986
52062400,精梳单纱，棉＜85％...,167843,千克,0,—,893129
52062500,精梳单纱，棉＜85％...,18470,千克,0,—,69989
52063100,未精梳多股纱线，棉＜...,126662,千克,0,—,168848
52063200,未精梳多股纱线，棉＜...,393633,千克,0,—,1811332
52063300,未精梳多股纱线，棉＜...,45433,千克,0,—,376469
52063400,未精梳多股纱线，棉＜...,1221,千克,0,—,13132
52064100,精梳多股纱线，棉＜8...,50858,千克,0,—,377587
52064200,精梳多股纱线，棉＜8...,1115833,千克,0,—,7857477
52064300,精梳多股纱线，棉＜8...,140385,千克,0,—,1086743
52064400,精梳多股纱线，棉＜8...,189498,千克,0,—,1679685
52064500,精梳多股纱线，棉＜8...,62343,千克,0,—,491065
52071000,棉≥85％的棉纱线，...,215683,千克,0,—,2571409
52079000,棉＜85％的棉纱线，...,155149,千克,0,—,1882900
52081100,棉≥85％未漂平纹布...,7081115,米,882363,千克,6654029
52081200,棉≥85％未漂平纹布...,18992562,米,3349753,千克,19399563
52081300,棉≥85％未漂三或四...,7596979,米,1338775,千克,8352762
52081900,其他棉≥85％未漂布...,5326901,米,1110677,千克,6481286
52082100,棉≥85％漂白平纹布...,42260825,米,1351343,千克,8998796
52082200,棉≥85％漂白平纹布...,7674444,米,1438466,千克,14699518
52082300,棉≥85％漂白三或四...,1034308,米,215148,千克,2113856
52082900,其他棉≥85％漂白布...,8696013,米,1782239,千克,16676873
52083100,棉≥85％染色平纹布...,4619958,米,622084,千克,7611435
52083200,棉≥85％染色平纹布...,20102512,米,4379503,千克,33156131
52083300,棉≥85％染色三或四...,4849342,米,1219948,千克,8654153
52083900,其他棉≥85％染色布...,26113925,米,5722205,千克,50068493
52084100,棉≥85％色织平纹布...,843850,米,118726,千克,1728633
52084200,棉≥85％色织平纹布...,12160999,米,2369669,千克,24448134
52084300,棉≥85％色织三或四...,10943913,米,2438050,千克,20616593
52084900,棉≥85％其他色织布...,4414650,米,917618,千克,11146216
52085100,棉≥85％印花平纹布...,3182015,米,348272,千克,4921829
52085200,棉≥85％印花平纹布...,61386380,米,10311138,千克,64078856
52085910,棉≥85％印花三或四...,641633,米,152724,千克,1364343
52085990,棉≥85％其他印花布...,3733002,米,880995,千克,7903798
52091100,棉≥85％未漂平纹布...,2825479,米,597706,千克,3717263
52091200,棉≥85％未漂三或四...,2005506,米,895262,千克,3504635
52091900,其他棉≥85％未漂布...,687861,米,262442,千克,1221577
52092100,棉≥85％漂白平纹布...,231095,米,75789,千克,523946
52092200,棉≥85％漂白三或四...,1179128,米,500122,千克,2883230
52092900,其他棉≥85％漂白布...,686873,米,284905,千克,1756845
52093100,棉≥85％染色平纹布...,5375543,米,2061305,千克,14866273
52093200,棉≥85％染色三或四...,10592022,米,4086230,千克,25053821
52093900,其他棉≥85％染色布...,21160771,米,7834009,千克,45921284
52094100,棉≥85％色织平纹布...,699131,米,263287,千克,1781872
52094200,棉≥85%色织粗斜纹...,20316736,米,11601436,千克,57801406
52094300,棉≥85％色织其他三...,3835904,米,1811952,千克,11917036
52094900,其他棉≥85％色织布...,4571193,米,1980392,千克,11736441
52095100,棉≥85％印花平纹布...,173924,米,67229,千克,469895
52095200,棉≥85％印花三或四...,747902,米,309038,千克,2116684
52095900,其他棉≥85％印花布...,792752,米,290474,千克,1754245
52101100,棉＜85％与化纤纺未...,1216633,米,267332,千克,2765871
52101910,棉＜85％与化纤纺未...,48603,米,12993,千克,92117
52101990,棉＜85％与化纤纺未...,227578,米,41637,千克,301107
52102100,棉＜85％与化纤纺漂...,1752015,米,282860,千克,2213199
52102910,棉＜85％与化纤纺漂...,302582,米,60124,千克,640164
52102990,棉＜85％与化纤纺漂...,727973,米,203446,千克,1544633
52103100,棉＜85％与化纤纺染...,9551878,米,1711584,千克,16583865
52103200,棉＜85％与化纤纺染...,2271026,米,564000,千克,5163898
52103900,棉＜85％与化纤纺染...,1249205,米,293909,千克,3126594
52104100,棉＜85％与化纤纺色...,3220645,米,570034,千克,6097645
52104910,棉＜85％与化纤纺色...,4604927,米,1086231,千克,7405422
52104990,棉＜85％与化纤纺色...,1014288,米,219182,千克,2096668
52105100,棉＜85％与化纤纺印...,1338556,米,241508,千克,2038616
52105910,棉＜85％与化纤纺印...,324908,米,59565,千克,722518
52105990,棉＜85％与化纤纺印...,478223,米,121625,千克,1141970
52111100,棉＜85％与化纤纺未...,4621,米,1809,千克,12475
52111200,棉＜85％与化纤纺未...,347586,米,144420,千克,871261
52111900,棉＜85％与化纤纺未...,1061472,米,452719,千克,2444708
52112000,棉＜85％与化纤混纺...,1759235,米,716383,千克,4507964
52113100,棉＜85％与化纤纺染...,1104028,米,427433,千克,3374436
52113200,棉＜85％与化纤纺染...,5619100,米,2335133,千克,15140746
52113900,棉＜85％与化纤纺染...,5298848,米,1879929,千克,12174890
52114100,棉＜85％与化纤纺色...,556730,米,295357,千克,2467932
52114200,棉＜85％与化纤纺色...,49772263,米,26527223,千克,116537520
52114300,棉＜85％与化纤纺色...,4625797,米,2418795,千克,10570428
52114900,棉＜85％与化纤纺色...,5972244,米,3104271,千克,14113776
52115100,棉＜85％与化纤纺印...,218174,米,77739,千克,424390
52115200,棉＜85％与化纤纺印...,280355,米,98688,千克,729066
52115900,棉＜85％与化纤纺印...,256215,米,112163,千克,810869
52121100,其他未漂棉布，平米重...,866053,米,135201,千克,1678398
52121200,其他漂白棉布，平米重...,233767,米,31067,千克,501599
52121300,其他染色棉布，平米重...,965810,米,224027,千克,2576406
52121400,其他色织棉布，平米重...,848705,米,174176,千克,2254865
52121500,其他印花棉布，平米重...,55381,米,10150,千克,193170
52122100,其他未漂棉布，平米重...,101952,米,31035,千克,213336
52122200,其他漂白棉布，平米重...,45344,米,15414,千克,112417
52122300,其他染色棉布，平米重...,359132,米,163575,千克,1124232
52122400,其他色织棉布，平米重...,168821,米,75476,千克,541946
52122500,其他印花棉布，平米重...,22026,米,8043,千克,50849
53012900,栉梳或经其他加工但未...,140,千克,0,—,6160
53029000,其他经加工但未纺制的...,17082,千克,0,—,154758
53039000,其他加工但未纺黄麻等...,96,千克,0,—,2473
53050012,经加工但未纺制的苎麻,13200,千克,0,—,120228
53050020,生的或经加工但未纺蕉...,1594,千克,0,—,19341
53050091,西沙尔麻等纺织龙舌兰...,2270,千克,0,—,5239
53050092,生的或经加工但未纺椰...,310,千克,0,—,884
53061000,亚麻单纱,1143227,千克,0,—,19495957
53062000,亚麻多股纱线或缆线,24923,千克,0,—,467293
53071000,黄麻或5303其他纺...,42750,千克,0,—,86462
53072000,黄麻或5303其他纺...,278250,千克,0,—,1018955
53081000,椰壳纤维纱线,1,千克,0,—,0
53082000,大麻纱线,24330,千克,0,—,350536
53089011,苎麻≥85%未漂白或...,22351,千克,0,—,210924
53089013,苎麻＜85%未漂白或...,245,千克,0,—,4178
53089014,苎麻＜85%的色纱线,1427,千克,0,—,12674
53089091,纸纱线,5416,千克,0,—,27325
53089099,未列名植物纺织纤维纱...,349795,千克,0,—,1134300
53091110,含亚麻≥85％未漂白...,939954,米,225669,千克,3468653
53091120,含亚麻≥85％漂白的...,2717439,米,579680,千克,9235054
53091900,其他含亚麻≥85％的...,2873826,米,640319,千克,15720406
53092110,含亚麻＜85％未漂白...,577669,米,158960,千克,1387824
53092120,含亚麻＜85％漂白的...,2769849,米,617499,千克,6330440
53092900,其他含亚麻＜85％的...,7529186,米,1852222,千克,21768833
53101000,黄麻或5303其他纺...,420729,米,110681,千克,226390
53109000,黄麻或5303其他纺...,38794,米,8411,千克,26371
53110012,苎麻≥85%未漂白机...,257268,米,46759,千克,963033
53110013,苎麻≥85%其他机织...,322023,米,55732,千克,1043190
53110014,苎麻＜85%未漂白机...,56887,米,14010,千克,157499
53110015,苎麻＜85%其他机织...,244645,米,59853,千克,823580
53110020,纸纱线机织物,89255,米,11750,千克,47799
53110030,大麻机织物,142304,米,37381,千克,973658
53110090,未列名纺织用植物纤维...,536313,米,236362,千克,803390
54011010,合成纤维长丝缝纫线，...,2906405,千克,0,—,19685105
54011020,合成纤维长丝缝纫线，...,1024603,千克,0,—,5854257
54012010,人造纤维长丝缝纫线，...,687037,千克,0,—,4000005
54012020,人造纤维长丝缝纫线，...,170176,千克,0,—,1250077
54021110,聚间苯二甲酰间苯二胺...,7000,千克,0,—,49000
54021120,聚对苯二甲酰对苯二胺...,184623,千克,0,—,4419340
54021190,其他芳香族聚酰胺纺制...,4804,千克,0,—,219198
54021910,聚酰胺6（尼龙6）纺...,5399656,千克,0,—,13037218
54021920,"聚酰胺6,6（尼龙6...",4569226,千克,0,—,18831492
54021990,未列名尼龙或其他聚酰...,117958,千克,0,—,502840
54022000,聚酯高强力纱,50850709,千克,0,—,69658311
54023111,尼龙-6弹力丝，每根...,10779486,千克,0,—,33102267
54023112,尼龙-6，6弹力丝，...,484280,千克,0,—,3529805
54023119,其他尼龙等聚酰胺弹力...,87669,千克,0,—,792708
54023190,尼龙等聚酰胺其他变形...,701429,千克,0,—,2888958
54023211,尼龙-6弹力丝，每根...,1001361,千克,0,—,4247681
54023212,尼龙-6，6弹力丝，...,211,千克,0,—,2731
54023213,芳香族聚酰胺弹力丝，...,20,千克,0,—,1287
54023219,其他尼龙或聚酰胺弹力...,75234,千克,0,—,309241
54023290,尼龙等聚酰胺其他变形...,336550,千克,0,—,1181840
54023310,聚酯弹力丝,156215694,千克,0,—,213393981
54023390,其他聚酯变形纱线,9495812,千克,0,—,19512690
54023400,聚丙烯长丝变形纱线,796633,千克,0,—,1738409
54023900,其他合成纤维长丝变形...,1177298,千克,0,—,2944209
54024410,氨纶弹性纱线，未加捻...,7021956,千克,0,—,33433359
54024490,其他弹性纱线，未加捻...,523659,千克,0,—,938782
54024510,尼龙-6纱线，未加捻...,6767430,千克,0,—,18517836
54024520,尼龙-6，6纱线，未...,135239,千克,0,—,623809
54024530,芳香族聚酰胺纱线，未...,1346,千克,0,—,31597
54024590,其他尼龙类纱线，未加...,46489,千克,0,—,442525
54024600,部分定向聚酯纱线，未...,62456964,千克,0,—,63733698
54024700,其他聚酯纱线，捻度≤...,50470508,千克,0,—,64823845
54024800,聚丙烯长丝单纱(弹性...,1034505,千克,0,—,1801580
54024910,断裂强度不小于22厘...,960099,千克,0,—,9348595
54024990,其他合成纤维长丝单纱...,2627213,千克,0,—,11679696
54025110,聚酰胺-6(尼龙-6...,129691,千克,0,—,518463
54025190,其他尼龙或其他聚酰胺...,84006,千克,0,—,325680
54025200,聚酯纱线，捻度＞50...,1787929,千克,0,—,4944556
54025300,聚丙烯长丝单纱，捻度...,267673,千克,0,—,531504
54025920,断裂强度不小于22厘...,1683,千克,0,—,23675
54025990,其他合成纤维长丝单纱...,204056,千克,0,—,1763496
54026110,聚酰胺-6（尼龙-6...,1830914,千克,0,—,7862132
54026120,聚酰胺-6，6（尼龙...,871430,千克,0,—,3734781
54026130,芳香族聚酰胺多股纱线...,5636,千克,0,—,144629
54026190,其他尼龙或聚酰胺多股...,1108452,千克,0,—,4109264
54026200,聚酯多股纱线或缆线,4231766,千克,0,—,16134600
54026300,聚丙烯多股纱线或缆线,1689388,千克,0,—,3261468
54026920,氨纶长丝多股纱线或缆...,1069671,千克,0,—,4956798
54026990,未列名合成纤维长丝多...,948786,千克,0,—,4971090
54031000,粘胶纤维高强力纱,19825,千克,0,—,85517
54033190,粘胶纤维单纱，未加捻...,7596705,千克,0,—,40675935
54033290,其他粘胶纤维单纱，捻...,139161,千克,0,—,601009
54033900,其他人造纤维长丝单纱,311158,千克,0,—,1541817
54034100,粘胶纤维多股纱线或缆...,990900,千克,0,—,4391043
54034900,未列名人造纤维长丝多...,93317,千克,0,—,648384
54041100,合纤弹性单丝，截面尺...,946826,千克,0,—,3320801
54041200,聚丙烯单丝，截面尺寸...,151996,千克,0,—,467367
54041900,其他合纤单丝，截面尺...,1434657,千克,0,—,7051478
54049000,表观宽度≤5mm的合...,2848002,千克,0,—,7653739
54050000,截面≤1mm，细≥6...,17151,千克,0,—,114424
54060010,合成纤维长丝纱线，供...,1493811,千克,0,—,5098172
54060020,人造纤维长丝纱线，供...,53350,千克,0,—,313438
54071010,尼龙或其他聚酰胺高强...,5476826,米,471251,千克,3627607
54071020,聚酯高强力纱制的机织...,9770397,米,1053801,千克,3792679
54072000,合成纤维长丝扁条及类...,68422946,米,11444348,千克,24113314
54073000,纱线交叉点用粘合剂或...,2442330,米,183783,千克,1088260
54074100,尼龙等聚酰胺长丝≥8...,7565663,米,733512,千克,6775704
54074200,尼龙等聚酰胺长丝≥8...,40276798,米,5240069,千克,68185746
54074300,尼龙等聚酰胺长丝≥8...,1725347,米,115343,千克,1261415
54074400,尼龙等聚酰胺长丝≥8...,1815724,米,244303,千克,4471384
54075100,聚酯变形长丝≥85％...,90816980,米,13627496,千克,57175355
54075200,聚酯变形长丝≥85％...,614849950,米,123348913,千克,594076114
54075300,聚酯变形长丝≥85％...,16103667,米,4803435,千克,24819820
54075400,聚酯变形长丝≥85％...,251384439,米,37898624,千克,159582576
54076100,含聚酯非变形长丝≥8...,195571852,米,34006300,千克,205163046
54076900,其他含聚酯长丝≥85...,61769863,米,9561970,千克,45417669
54077100,含其他合纤长丝≥85...,10109344,米,1504177,千克,7735644
54077200,含其他合成纤维长丝≥...,25893398,米,5198029,千克,35667463
54077300,含其他合成纤维长丝≥...,3114724,米,860436,千克,5476873
54077400,含其他合成纤维长丝≥...,5590427,米,900159,千克,6091854
54078100,含合纤长丝＜85％，...,7091887,米,1135483,千克,8176320
54078200,合成纤维长丝＜85％...,4293183,米,805348,千克,5965217
54078300,合成纤维长丝＜85％...,3142242,米,573600,千克,3192170
54078400,合成纤维长丝＜85％...,805934,米,207983,千克,1618667
54079100,其他合成纤维长丝未漂...,1464179,米,330840,千克,1525872
54079200,其他合成纤维长丝染色...,7540681,米,1997010,千克,15492982
54079300,其他合成纤维长丝色织...,1193028,米,390319,千克,2701036
54079400,其他合成纤维长丝印花...,663336,米,132898,千克,492193
54081000,粘胶纤维高强力纱的布,13674,米,2190,千克,34143
54082110,含粘胶长丝≥85%未...,2475154,米,304141,千克,2767888
54082120,含醋酸长丝≥85%未...,13253,米,2000,千克,33795
54082190,含其他人造长丝等≥8...,264902,米,31547,千克,423459
54082210,含胶粘长丝≥85%染...,1436182,米,276655,千克,2676240
54082220,含醋酸长丝≥85%染...,27593,米,5064,千克,144677
54082290,含其他人造长丝、扁条...,1725991,米,360927,千克,2878851
54082310,含粘胶纤维长丝≥85...,47834,米,10461,千克,99480
54082320,含醋酸纤维长丝≥85...,208,米,32,千克,751
54082390,含其他人造长丝、扁条...,150071,米,43700,千克,209375
54082410,含粘胶纤维长丝≥85...,1427672,米,214732,千克,1857571
54082490,含其他人造长丝、扁条...,287387,米,67220,千克,606708
54083100,其他人造纤维长丝未漂...,760158,米,93318,千克,1564387
54083200,其他人造纤维长丝染色...,3478500,米,872160,千克,6964904
54083300,其他人造纤维长丝色织...,139149,米,34016,千克,326894
54083400,其他人造纤维长丝印花...,415956,米,80149,千克,879278
55011100,芳族聚酰胺长丝丝束,29987,千克,0,—,589599
55011900,尼龙或其他聚酰胺长丝...,92726,千克,0,—,319805
55012000,聚酯长丝丝束,933683,千克,0,—,1162419
55013000,聚丙烯腈或变性聚丙烯...,3163171,千克,0,—,6677031
55014000,聚丙烯长丝丝束,186703,千克,0,—,430246
55019000,其他合成纤维长丝丝束,185248,千克,0,—,1738988
55021010,二醋酸纤维长丝丝束,4881027,千克,0,—,50800066
55029000,其他人造纤维长丝丝束,5905,千克,0,—,17565
55031110,聚间苯二甲酰间苯二胺...,111791,千克,0,—,1690183
55031120,聚对苯二甲酰对苯二胺...,9067,千克,0,—,220998
55031190,其他芳香族聚酰胺短纤...,13681,千克,0,—,147078
55031900,尼龙等聚酰胺短纤，未...,355606,千克,0,—,1002432
55032000,聚酯短纤，未梳或未经...,111813826,千克,0,—,114795549
55033000,聚丙烯腈及其变性短纤...,1403729,千克,0,—,2563433
55034000,聚丙烯短纤，未梳或未...,8161072,千克,0,—,11073050
55039010,聚苯硫醚制短纤，未梳...,35250,千克,0,—,251242
55039090,其他合成纤维短纤，未...,6316851,千克,0,—,16166158
55041010,竹制粘胶纤维短纤，未...,2359591,千克,0,—,3821349
55041021,阻燃的木制粘胶纤维短...,768084,千克,0,—,1638824
55041029,其他木制粘胶纤维短纤...,15213742,千克,0,—,24151656
55041090,其他粘胶纤维短纤，未...,2161711,千克,0,—,4296043
55049000,其他人造纤维短纤，未...,3122087,千克,0,—,5263046
55051000,合成纤维废料,138679,千克,0,—,97538
55052000,人造纤维废料,13980,千克,0,—,26562
55061011,聚间苯二甲酰间苯二胺...,800,千克,0,—,9775
55061090,尼龙或其他聚酰胺短纤...,52794,千克,0,—,281918
55062000,聚酯短纤，已梳或经其...,778320,千克,0,—,2158551
55063000,聚丙烯腈或变性聚丙烯...,52837,千克,0,—,154413
55064000,"聚丙烯短纤,已梳或经...",21754,千克,0,—,68996
55069090,其他合成纤维短纤，已...,36583,千克,0,—,84972
55070000,人造纤维短纤，已梳或...,87642,千克,0,—,234693
55081000,合成纤维短纤缝纫线,6172740,千克,0,—,25528600
55082000,人造纤维短纤缝纫线,15339,千克,0,—,111508
55091100,尼龙或其他聚酰胺短纤...,617104,千克,0,—,2381240
55091200,尼龙等聚酰胺短纤≥8...,287128,千克,0,—,2404815
55092100,聚酯短纤≥85%的单...,15840241,千克,0,—,29216113
55092200,聚酯短纤≥85%的多...,12409600,千克,0,—,31220684
55093100,聚丙烯腈或变性聚丙烯...,171136,千克,0,—,874118
55093200,聚丙烯腈及其变性短纤...,1849166,千克,0,—,7295789
55094100,其他合成纤维短纤≥8...,1202623,千克,0,—,6593139
55094200,其他合成纤维短纤≥8...,284794,千克,0,—,1849569
55095100,聚酯短纤＜85%主要...,5019396,千克,0,—,11115539
55095200,聚酯短纤＜85%主要...,223839,千克,0,—,1937600
55095300,聚酯短纤＜85%主要...,4377748,千克,0,—,10822432
55095900,聚酯短纤＜85%与其...,1382051,千克,0,—,7620638
55096100,聚丙烯腈及其变性短纤...,244667,千克,0,—,2395829
55096200,聚丙烯腈及其变性短纤...,290429,千克,0,—,1406478
55096900,聚丙烯腈及变性短纤＜...,2833640,千克,0,—,15562759
55099100,其他合成短纤＜85%...,70513,千克,0,—,791471
55099200,其他合成短纤＜85%...,89965,千克,0,—,524068
55099900,其他合成短纤＜85%...,659780,千克,0,—,4328953
55101100,人造纤维短纤≥85%...,5083499,千克,0,—,13590818
55101200,人造纤维短纤≥85%...,1728344,千克,0,—,6916402
55102000,人造纤维短纤＜85%...,35275,千克,0,—,448088
55103000,人造纤维短纤＜85%...,199213,千克,0,—,990823
55109000,人造纤维短纤＜85%...,3822767,千克,0,—,17697761
55111000,合成纤维短纤≥85%...,488200,千克,0,—,3223409
55112000,合成纤维短纤＜85%...,313721,千克,0,—,1347302
55113000,人造纤维短纤纱线，供...,54540,千克,0,—,259602
55121100,聚酯短纤≥85%未漂...,23913151,米,3446018,千克,12159027
55121900,其他含聚酯短纤≥85...,81548928,米,15785804,千克,96365346
55122100,聚丙烯腈及其变性短纤...,71776,米,12319,千克,65636
55122900,其他聚丙烯腈及其变性...,306581,米,218075,千克,480508
55129100,其他合成纤维短纤≥8...,142002,米,17879,千克,556984
55129900,未列名合成纤维短纤≥...,2522653,米,600701,千克,3950236
55131110,聚酯短纤＜85%棉混...,14749105,米,1954609,千克,16266506
55131120,聚酯短纤＜85%棉混...,10572549,米,1642926,千克,8615756
55131210,聚酯短纤＜85%棉混...,1697166,米,331654,千克,1265847
55131220,聚酯短纤＜85%棉混...,1754583,米,368373,千克,1598182
55131310,其他聚酯短纤＜85%...,574448,米,82497,千克,400360
55131320,其他聚酯短纤＜85%...,1394283,米,273017,千克,1911133
55131900,其他合短纤＜85%棉...,608609,米,118116,千克,618510
55132100,聚酯短纤＜85%棉混...,20108876,米,2874147,千克,17567718
55132310,聚酯短纤＜85%棉混...,2959848,米,578682,千克,4502070
55132390,其他聚酯短纤＜85%...,2716735,米,437225,千克,2935868
55132900,其他合成短纤＜85%...,324993,米,67652,千克,538017
55133100,聚酯短纤＜85%棉混...,3120529,米,566071,千克,3910134
55133910,聚酯短纤＜85%棉混...,669803,米,154400,千克,848231
55133920,其他聚酯短纤＜85%...,281080,米,47700,千克,524384
55133990,其他合成短纤＜85%...,23908,米,4456,千克,61897
55134100,聚酯短纤＜85%棉混...,4232915,米,689581,千克,6626208
55134910,聚酯短纤＜85%棉混...,197730,米,60006,千克,306187
55134920,其他聚酯短纤＜85%...,396687,米,43400,千克,301641
55134990,其他合成短纤＜85%...,26927,米,3650,千克,47591
55141110,聚酯短纤＜85%棉混...,371345,米,131291,千克,505886
55141120,聚酯短纤＜85%棉混...,246530,米,55298,千克,401006
55141210,聚酯短纤＜85%棉混...,640932,米,221711,千克,977271
55141220,聚酯短纤＜85%棉混...,1374641,米,420233,千克,1595297
55141911,其他聚酯短纤＜85%...,207930,米,52906,千克,204107
55141912,其他聚酯短纤＜85%...,65778,米,20143,千克,150257
55141990,其他合成短纤＜85%...,6970,米,2741,千克,15007
55142100,聚酯短纤＜85%棉混...,5643223,米,1795183,千克,15543577
55142200,聚酯短纤＜85%棉混...,15883958,米,5262121,千克,20828614
55142300,其他聚酯短纤＜85%...,2434199,米,802541,千克,4015510
55142900,其他合成短纤＜85%...,200989,米,89214,千克,450777
55143010,聚酯短纤＜85%棉混...,466034,米,147921,千克,626220
55143020,聚酯短纤＜85%棉混...,375839,米,128661,千克,454131
55143030,其他聚酯短纤＜85%...,460638,米,172430,千克,835855
55143090,其他合成短纤＜85%...,48554,米,19952,千克,137031
55144100,聚酯短纤＜85%棉混...,932404,米,296208,千克,1305239
55144200,聚酯短纤＜85%棉混...,957053,米,305968,千克,1271466
55144300,其他聚酯短纤＜85%...,512463,米,170646,千克,1153717
55144900,其他合成短纤＜85%...,287339,米,97208,千克,765196
55151100,聚酯短纤＜85%主要...,55811215,米,14921546,千克,90901385
55151200,聚酯短纤＜85%主要...,2148046,米,556614,千克,2495961
55151300,聚酯短纤＜85%主要...,1880769,米,762102,千克,9769972
55151900,聚酯短纤＜85%与其...,1554055,米,519316,千克,3081225
55152100,聚丙烯腈及变性短纤＜...,25174,米,12587,千克,95746
55152200,聚丙烯腈及其变性短纤...,2499,米,1923,千克,23998
55152900,聚丙烯腈及变性短纤＜...,16474,米,10398,千克,112145
55159100,其他合成短纤＜85%...,61523,米,16220,千克,103476
55159900,其他合成纤维短纤＜8...,491225,米,138074,千克,844076
55161100,人造纤维短纤≥85%...,20380481,米,2871076,千克,13904929
55161200,人造纤维短纤≥85%...,56862378,米,8950520,千克,50501077
55161300,人造纤维短纤≥85%...,1171566,米,274895,千克,2140553
55161400,人造纤维短纤≥85%...,141602334,米,18476316,千克,110119787
55162100,人造短纤＜85%与化...,1377950,米,345024,千克,1746492
55162200,人造短纤＜85%与化...,10497005,米,2805245,千克,16295967
55162300,人造短纤＜85%与化...,1494942,米,436068,千克,2805228
55162400,人造短纤＜85%与化...,1651235,米,270899,千克,2818114
55163100,人造短纤＜85%与毛...,47072,米,14194,千克,80235
55163200,人造纤维短纤＜85%...,86736,米,20097,千克,127475
55163300,人造纤维短纤＜85%...,5942,米,2367,千克,48220
55163400,人造纤维短纤＜85%...,40309,米,7800,千克,27813
55164100,人造短纤＜85%与棉...,1441456,米,419291,千克,2082526
55164200,人造纤维短纤＜85%...,1709643,米,684805,千克,3203392
55164300,人造纤维短纤＜85%...,498102,米,214040,千克,1334757
55164400,人造纤维短纤＜85%...,282652,米,63882,千克,672392
55169100,人造短纤＜85%与其...,1064749,米,146018,千克,1980750
55169200,人造纤维短纤＜85%...,6151751,米,1662582,千克,11683300
55169300,人造纤维短纤＜85%...,549064,米,170551,千克,1458907
55169400,人造纤维短纤＜85%...,667479,米,163825,千克,1346077
56012100,棉制絮胎及其制品,3854818,千克,0,—,25060186
56012210,化纤制卷烟滤嘴,211279,千克,0,—,1582832
56012290,化纤制其他絮胎及其制...,3758339,千克,0,—,15144762
56012900,其他纤维制絮胎及其制...,150152,千克,0,—,809699
56013000,纤维屑、纤维粉末及球...,614661,千克,0,—,2138170
56021000,针刺机制毡呢及纤维缝...,3592257,千克,0,—,12788101
56022100,羊毛或动物细毛制其他...,149543,千克,0,—,656264
56022900,其他纺织材料制毡呢，...,1459070,千克,0,—,5242717
56029000,未列名毡呢,1300085,千克,0,—,6352927
56031110,浸涂、覆盖的化纤长丝...,3428523,千克,0,—,6666364
56031190,其他化纤长丝制无纺织...,11398223,千克,0,—,20920076
56031210,浸涂的化纤长丝无纺织...,4211150,千克,0,—,14820449
56031290,其他化纤长丝制无纺织...,10699982,千克,0,—,27098589
56031310,浸涂化纤长丝无纺织物...,4078004,千克,0,—,13306114
56031390,其他化纤长丝无纺织物...,4619468,千克,0,—,16303775
56031410,浸涂、覆盖化纤长丝无...,7848319,千克,0,—,22605075
56031490,其他化纤长丝制无纺织...,2806195,千克,0,—,9781299
56039110,浸涂、覆盖其他材料制...,591073,千克,0,—,1791363
56039190,其他材料制未浸涂无纺...,6188788,千克,0,—,13418216
56039210,浸涂的其他材料无纺织...,7398812,千克,0,—,28887521
56039290,未浸涂其他材料无纺织...,34621485,千克,0,—,81839541
56039310,浸涂的其他材料制无纺...,3089867,千克,0,—,16599873
56039390,未浸涂其他材料制无纺...,8243847,千克,0,—,22957912
56039410,浸涂覆压其他材料制无...,9847271,千克,0,—,49070271
56039490,未浸涂覆其他材料制无...,5495005,千克,0,—,15490409
56041000,用纺织材料包覆的橡胶...,3912570,千克,0,—,27352614
56049000,其他橡或塑涂包覆纺织...,416439,千克,0,—,2082505
56050000,含金属纱线,771576,千克,0,—,3762794
56060000,粗松螺旋花线；绳绒线...,3928710,千克,0,—,21342602
56072100,龙舌兰类纤维纺制的包...,49617,千克,0,—,115339
56072900,龙舌兰类纤维纺制的其...,563347,千克,0,—,2088725
56074100,聚乙烯或聚丙烯纺制的...,1236242,千克,0,—,2675729
56074900,聚乙烯或聚丙烯纺制的...,6776967,千克,0,—,19655142
56075000,其他合成纤维纺制的线...,9781580,千克,0,—,48123069
56079010,蕉麻等硬质（叶）纤维...,62213,千克,0,—,339550
56079090,未列名纤维纺制的线、...,1524575,千克,0,—,9519114
56081100,化纤材料制成的渔网,6076377,千克,0,—,29186995
56081900,化纤材料制成的网料及...,11829894,千克,0,—,41498780
56089000,其他纤维制成的网料、...,833121,千克,0,—,3738291
56090000,纱线、5404或54...,7323891,千克,0,—,36752518
57011000,毛制结织栽绒地毯等结...,431160,千克,1269873,平方米,11832786
57019010,化纤结织栽绒地毯等结...,569523,千克,585790,平方米,4017367
57019020,丝制结织栽绒地毯等结...,78,千克,13,平方米,8897
57019090,未列名纺材结织栽绒地...,114049,千克,384045,平方米,4749577
57021000,开来姆、苏麦克、卡拉...,4502,千克,2556,平方米,98762
57022000,椰壳纤维制的铺地制品...,103671,千克,122590,平方米,449545
57023100,毛制起绒结构的铺地制...,7870,千克,3876,平方米,52013
57023200,化纤制起绒结构的铺地...,114027,千克,124770,平方米,588798
57023900,其他纺织材料制起绒结...,6460,千克,6002,平方米,42092
57024100,毛制起绒结构的铺地制...,588983,千克,263646,平方米,5076752
57024200,化纤制起绒结构的铺地...,6481641,千克,6086710,平方米,29826458
57024900,其他纺织材料制起绒结...,251067,千克,326876,平方米,2730802
57025020,化纤制非起绒结构的铺...,53720,千克,62912,平方米,126047
57025090,其他纺织材料非起绒结...,4159,千克,2180,平方米,20459
57029100,毛制非起绒结构的铺地...,46651,千克,120945,平方米,1017533
57029200,化纤制非起绒结构的铺...,3514847,千克,4877953,平方米,18911580
57029900,其他纺织材料制非起绒...,976701,千克,706261,平方米,4591562
57031000,毛制簇绒地毯及其他簇...,177498,千克,54434,平方米,3329291
57032100,尼龙或其他聚酰胺制人...,63278,千克,47534,平方米,477964
57032900,尼龙或其他聚酰胺簇绒...,5785477,千克,1919905,平方米,19822023
57033100,其他化学纤维制簇绒人...,21831033,千克,11971680,平方米,45505644
57033900,其他化学纤维簇绒地毯...,17090778,千克,11771081,平方米,57199600
57039000,其他纺织材料簇绒地毯...,792093,千克,616399,平方米,3423617
57041000,毡呢地毯等铺地制品，...,29637,千克,46479,平方米,97311
57042000,毡呢地毯等铺地制品，...,152848,千克,72566,平方米,274921
57049000,毡呢地毯等铺地制品，...,793180,千克,3017740,平方米,1805219
57050010,羊毛或动物细毛制未列...,12236,千克,4942,平方米,163804
57050020,化纤制未列名地毯及铺...,29877395,千克,37701661,平方米,128613635
57050090,其他纺织材料制未列名...,1256232,千克,1326555,平方米,7371210
58011000,羊毛或动物细毛制起绒...,22843,米,12991,千克,64419
58012100,棉制不割绒的纬起绒织...,499516,米,119944,千克,1090242
58012200,棉制割绒的灯芯绒,6483186,米,2470382,千克,19274473
58012300,棉制其他纬起绒织物,704431,米,151365,千克,714743
58012600,棉制绳绒织物,375749,米,9708,千克,41749
58012710,棉制不割绒的经起绒织...,152388,米,28620,千克,274718
58012720,棉制割绒的经起绒织物,120572,米,41689,千克,672418
58013100,化纤制不割绒的纬起绒...,3553021,米,1392338,千克,7513329
58013200,化纤制割绒的灯芯绒,2444647,米,1068976,千克,4761232
58013300,化纤制其他纬起绒织物,5303936,米,2083440,千克,11374225
58013600,化纤制绳绒织物,7295326,米,2682475,千克,14518919
58013710,化纤制不割绒的经起绒...,1690459,米,790215,千克,3682445
58013720,化纤制割绒的经起绒织...,2543743,米,848837,千克,7431915
58019010,丝及绢丝制起绒及绳绒...,17994,米,10939,千克,95577
58019090,未列名纺织材料制起绒...,879993,米,4196,千克,72739
58021010,棉制未漂白毛巾织物及...,14459,米,13534,千克,86788
58021090,其他棉制毛巾织物及类...,182956,米,61456,千克,355126
58022020,羊毛或动物细毛制毛巾...,3992,米,387,千克,5002
58022030,化纤制毛巾织物及类似...,361619,米,95583,千克,651114
58022090,未列名纺织材料制毛巾...,138406,米,17512,千克,225981
58023020,羊毛或动物细毛制簇绒...,438683,米,28250,千克,196133
58023030,棉或麻制簇绒织物,703,米,346,千克,2706
58023040,化纤制簇绒织物,10593338,米,208742,千克,1044324
58023090,未列名纺织材料制簇绒...,5209,米,380,千克,5374
58030010,棉制纱罗,11128,米,1897,千克,33012
58030030,化纤制纱罗,233906,米,24471,千克,136784
58030090,其他纺织材料制纱罗,1158457,米,286983,千克,708677
58041010,丝及绢丝制网眼薄纱及...,2319,千克,0,—,16269
58041020,棉制网眼薄纱及其他网...,65352,千克,0,—,2486234
58041030,化纤制网眼薄纱及其他...,3483442,千克,0,—,28349012
58041090,其他纺织材料制网眼薄...,106956,千克,0,—,1117088
58042100,化纤制机制花边,2599119,千克,0,—,35809089
58042910,丝及绢丝制机制花边,1322,千克,0,—,62613
58042920,棉制机制花边,338452,千克,0,—,3823239
58042990,未列名纺织材料制机制...,19384,千克,0,—,391552
58043000,手工制花边,1125,千克,0,—,19460
58050010,手工针绣嵌花装饰毯,14411,平方米,9102,千克,76523
58061010,棉或麻制狭幅起绒机织...,896,千克,0,—,18067
58061090,其他纺织材料制狭幅起...,1509342,千克,0,—,15475289
58062000,含弹性纱线或橡胶线≥...,3894165,千克,0,—,47478222
58063100,棉制未列名狭幅机织物,672827,千克,0,—,7835272
58063200,化纤制未列名狭幅机织...,10686399,千克,0,—,79143802
58063910,丝及绢丝制未列名狭幅...,25709,千克,0,—,2787278
58063920,羊毛或动物细毛制未列...,237,千克,0,—,8443
58063990,其他纺织材料制未列名...,96717,千克,0,—,839566
58064010,棉或麻制粘合成的有经...,2671,千克,0,—,29042
58064090,其他纺织材料制粘合成...,57923,千克,0,—,629255
58071000,机织的纺织材料制非绣...,2993464,千克,0,—,41962552
58079000,非机织的纺织材料制非...,58358,千克,0,—,1653040
58081000,成匹的编带,1215184,千克,0,—,10744853
58089000,其他非绣制的成匹装饰...,507873,千克,0,—,5107352
58090010,衣着等用途金属线及含...,250,米,57,千克,6201
58090020,衣着等用途金属线及含...,79628,米,11081,千克,154419
58090090,衣着等用金属线及含金...,9471,米,2824,千克,262534
58101000,不见底布的刺绣品,238528,千克,0,—,4964852
58109100,其他棉制刺绣品,923821,千克,0,—,24945110
58109200,其他化纤制刺绣品,3437410,千克,0,—,36299935
58109900,其他纺织材料制刺绣品,203931,千克,0,—,2335327
58110010,丝及绢丝纺织材料与胎...,190,千克,0,—,25601
58110020,毛制纺织材料与胎料组...,94,千克,0,—,4956
58110030,棉制纺织材料与胎料组...,185357,千克,0,—,1950843
58110040,化纤制纺织材料与胎料...,1247409,千克,0,—,6569589
58110090,其他纺织材料与胎料组...,106585,千克,0,—,706276
59011010,涂胶或淀粉的棉或麻织...,53923,千克,0,—,576046
59011020,涂胶或淀粉的化纤纺织...,346842,千克,0,—,2020666
59011090,用胶或淀粉涂的其他纤...,25928,千克,0,—,66086
59019010,制成的油画布,2796143,千克,0,—,9310926
59019091,棉或麻制描图布、作帽...,380745,千克,0,—,1595208
59019092,化纤制描图布、作帽里...,1608633,千克,0,—,9324150
59019099,其他纤维描图布、作帽...,89270,千克,0,—,922155
59021010,聚酰胺-6（尼龙-6...,7143737,千克,0,—,19936859
59021020,聚酰胺-6，6（尼龙...,4133694,千克,0,—,18189439
59021090,其他尼龙或其他聚酰胺...,155224,千克,0,—,899606
59022000,聚酯高强力纱制帘子布,15394042,千克,0,—,36816577
59029000,粘胶纤维高强力纱制帘...,12900,千克,0,—,123582
59031010,聚氯乙烯浸涂、包覆或...,2079975,千克,0,—,3373183
59031020,聚氯乙烯浸渍、涂布、...,13575073,千克,21262041,米,41664409
59031090,其他聚氯乙烯浸涂、包...,60945131,千克,0,—,120335959
59032010,聚氨基甲酸酯浸涂、包...,86378,千克,0,—,656957
59032020,聚氨基甲酸酯浸涂、包...,21105714,千克,37473195,米,119067143
59032090,其他聚氨基甲酸酯浸涂...,13359447,千克,0,—,99800960
59039010,其他塑料浸涂、包覆或...,486494,千克,0,—,1871482
59039020,其他塑料浸涂、包覆或...,365860,千克,1316914,米,3052573
59039090,其他塑料浸涂、包覆或...,16560697,千克,0,—,121698064
59041000,列诺伦（亚麻油地毡）,40915,千克,14209,平方米,191730
59049000,以其他纺织物为底布经...,520574,千克,1874888,平方米,990828
59050000,糊墙织物,171277,千克,476629,平方米,1876060
59061010,用橡胶处理的纺织物胶...,705616,千克,0,—,3740912
59061090,用橡胶处理的其他纺织...,990566,千克,0,—,19054582
59069100,用橡胶处理的针织或钩...,405303,千克,0,—,2887108
59069910,其他用橡胶处理的非针...,78072,千克,0,—,326437
59069990,未列名用橡胶处理的非...,2473397,千克,0,—,8981538
59070010,用其他材料浸渍、涂布...,37871,千克,0,—,530901
59070020,用其他材料浸渍、涂布...,120858,千克,0,—,1933117
59070090,用其他材料浸渍、涂布...,4306759,千克,0,—,25969695
59080000,纺织材料制灯芯、炉芯...,46122,千克,0,—,846135
59090000,纺织材料制的水龙软管...,3564095,千克,0,—,11829556
59100000,纺织材料制的传动带或...,2443580,千克,0,—,8376553
59111010,橡胶浸渍的包覆纺缍（...,23856,千克,0,—,142363
59111090,橡胶、皮革等涂覆或层...,110631,千克,0,—,736612
59112000,筛布，不论是否制成的,476436,千克,0,—,6185983
59113100,造纸机等用环状或有联...,30103,千克,0,—,1451164
59113200,造纸机等用环状或有联...,345608,千克,0,—,9499988
59114000,榨油机器或类似机器的...,1305636,千克,0,—,11281003
59119000,未列名作专门技术用途...,5458220,千克,0,—,48478581
60011000,针织或钩编的“长毛绒...,6209098,米,3840962,千克,22542270
60012100,棉制针织或钩编的毛圈...,4139287,米,2046147,千克,12287288
60012200,化纤制针织或钩编的毛...,12874604,米,2707982,千克,11958812
60012900,其他纺织材料制针织或...,38277,米,13756,千克,112682
60019100,棉制针织或钩编的其他...,31086340,米,14148106,千克,79470533
60019200,化纤制针织或钩编的其...,145181297,米,54077313,千克,212783703
60019900,其他纺织材料制针织或...,193022,米,64668,千克,226324
60024010,棉针织钩编物，宽≤3...,504265,米,14155,千克,110334
60024020,丝针织钩编物，宽≤3...,345000,米,1728,千克,5668
60024030,合纤针织钩编物，宽≤...,52694948,米,472032,千克,6627010
60024040,人纤针织钩编物宽≤3...,3198051,米,13998,千克,70932
60024090,其他针织钩编织物，宽...,7582025,米,47277,千克,888312
60029010,棉针织钩编织物，宽≤...,477013,米,10713,千克,346525
60029030,合纤针织钩编织物，宽...,60858620,米,653094,千克,3197254
60029040,人纤针织钩编织物，宽...,67198,米,1155,千克,40335
60029090,其他针织物钩编织物宽...,858405,米,13806,千克,160868
60031000,毛针织钩编织物，宽≤...,10887,米,247,千克,5713
60032000,棉针织钩编织物，宽≤...,2915164,米,41310,千克,650493
60033000,合纤针织钩编物，宽≤...,40010630,米,281730,千克,3344409
60034000,人纤针织钩编物，宽≤...,381882,米,2921,千克,38696
60039000,其他针织钩编物，宽≤...,989165,米,14863,千克,115448
60041010,棉针织或钩编物，宽＞...,40209925,米,10748397,千克,78072410
60041020,丝针织或钩编物，宽＞...,4077,米,1251,千克,97116
60041030,合纤针织钩编物，宽＞...,134789580,米,38072233,千克,245173488
60041040,人纤针织钩编物，宽＞...,20022700,米,7581350,千克,42930087
60041090,其他针织钩编物，宽＞...,66152,米,20553,千克,148850
60049010,其他棉针织钩编物，宽...,18798,米,7652,千克,52693
60049030,合纤针织钩编物，宽＞...,1570164,米,553931,千克,2719850
60049040,人纤针织钩编物，宽＞...,349546,米,103545,千克,417541
60049090,其他针织钩编物，宽＞...,28079,米,6433,千克,64978
60052100,棉制未漂白或漂白经编...,40927,米,12152,千克,288353
60052200,棉制染色经编织物,332051,米,83413,千克,608937
60052300,棉制色织经编织物,26701,米,26460,千克,206388
60052400,棉制印花经编织物,16744,米,4204,千克,34791
60053500,60章子目注释1所列...,1877423,米,169259,千克,415166
60053600,其他合成纤维制未漂白...,36636095,米,3845698,千克,11070014
60053700,其他合成纤维制染色经...,51231188,米,12726353,千克,66696593
60053800,其他合成纤维制色织经...,2959006,米,852262,千克,3380305
60053900,其他合成纤维制印花经...,9001638,米,1933937,千克,6604457
60054100,人造纤维制未漂白或漂...,314468,米,43812,千克,107901
60054200,人造纤维制染色经编织...,1346328,米,206392,千克,683284
60054300,人造纤维制色织经编织...,1695,米,439,千克,2899
60054400,人造纤维制印花经编织...,70215,米,39744,千克,101331
60059010,羊毛或动物细毛制经编...,232,米,125,千克,4000
60059090,其他纺织材料制经编织...,495045,米,70079,千克,320856
60061000,羊毛或动物细毛制其他...,352402,米,119708,千克,4094533
60062100,棉制未漂白或漂白其他...,10701685,米,3102841,千克,20072069
60062200,棉制染色其他针织或钩...,79853317,米,24757947,千克,173565279
60062300,棉制色织其他针织或钩...,5472288,米,1925717,千克,15438326
60062400,棉制印花其他针织或钩...,9434353,米,2814778,千克,21857230
60063100,合成纤维制未漂白或漂...,34683032,米,7675673,千克,29790985
60063200,合成纤维制染色其他针...,245054823,米,66746376,千克,344407718
60063300,合成纤维制色织其他针...,18810680,米,6662215,千克,35239776
60063400,合成纤维制印花其他针...,34462808,米,9170955,千克,39966322
60064100,人造纤维制未漂白或漂...,1783521,米,762418,千克,2328158
60064200,人造纤维制染色其他针...,18152564,米,6646667,千克,35773440
60064300,人造纤维制色织其他针...,714440,米,288810,千克,1821076
60064400,人造纤维制印花其他针...,1109505,米,336991,千克,1800623
60069000,未列名纺织材料制其他...,718379,米,251563,千克,2228162
61012000,棉针织或钩编男大衣，...,292440,件,159448,千克,5083574
61013000,化纤针织或钩编男大衣...,964846,件,383321,千克,7385223
61019010,毛针织或钩编男大衣，...,3858,件,5275,千克,62763
61019090,其他纺材针织钩编男大...,73124,件,39637,千克,1991001
61021000,毛针织或钩编女大衣，...,51449,件,30899,千克,2302379
61022000,棉针织或钩编女大衣，...,384070,件,224000,千克,3458311
61023000,化纤针织或钩编女大衣...,1441227,件,683407,千克,12383913
61029000,其他材料针织或钩女大...,15834,件,7743,千克,298349
61031010,毛制针织或钩编的男式...,29255,套,13429,千克,451577
61031020,合成纤维制针织或钩编...,16255,套,21186,千克,390663
61031090,其他纺织材料制针织或...,43688,套,12073,千克,639129
61032200,棉制针织或钩编的男式...,3499481,套,1274592,千克,24881555
61032300,合成纤维制针织或钩编...,4000307,套,1614274,千克,24087382
61032990,其他纺织材料制针织或...,52629,套,23099,千克,616369
61033100,毛制针织或钩编的男式...,840074,件,146915,千克,15140221
61033200,棉制针织或钩编的男式...,9512465,件,2960393,千克,54631742
61033300,合成纤维制针织或钩编...,5376676,件,1985742,千克,27536021
61033900,其他纺织材料制针织或...,338558,件,45465,千克,2417172
61034100,毛制针织或钩编的男裤,50376,条,7740,千克,744475
61034200,棉制针织或钩编的男裤,17434346,条,5180080,千克,92863397
61034300,合成纤维制针织或钩编...,36600003,条,9540260,千克,128677317
61034900,其他纺织材料制针织或...,686447,条,159299,千克,4044460
61041300,合成纤维制针织或钩编...,68776,套,30118,千克,735100
61041910,毛制针织或钩编的女式...,5,套,0,千克,14
61041920,棉制针织或钩编的女式...,13411,套,8711,千克,57096
61041990,其他纺织材料制针织或...,300,套,259,千克,5565
61042200,棉制针织或钩编的女式...,3474610,套,1404853,千克,21183734
61042300,合成纤维制针织或钩编...,6852785,套,2988255,千克,40145800
61042910,毛制针织或钩编的女式...,190665,套,66403,千克,7169341
61042990,其他纺织材料制针织或...,431041,套,164217,千克,3739283
61043100,毛制针织或钩编的女式...,39980,件,15184,千克,439664
61043200,棉制针织或钩编的女式...,19690269,件,4643698,千克,97627628
61043300,合成纤维制针织或钩编...,21958872,件,6138793,千克,102154656
61043900,其他纺织材料制针织或...,1543629,件,411649,千克,11066882
61044100,毛制针织或钩编的女式...,113371,件,34173,千克,1936029
61044200,棉制针织或钩编的女式...,7349290,件,2370324,千克,52024708
61044300,合成纤维制针织或钩编...,24517250,件,8157342,千克,150787210
61044400,人造纤维制针织或钩编...,3589614,件,1314766,千克,28764122
61044900,其他纺织材料制针织或...,172757,件,53713,千克,1853430
61045100,毛制针织或钩编的女式...,24187,件,8812,千克,617648
61045200,棉制针织或钩编的女式...,5841602,件,1874168,千克,40117769
61045300,合成纤维制针织或钩编...,13121508,件,3742852,千克,50220242
61045900,其他纺织材料制针织或...,1064429,件,326666,千克,6128928
61046100,毛制针织或钩编的女裤,172987,条,40382,千克,4048111
61046200,棉制针织或钩编的女裤,27612734,条,7199297,千克,109099486
61046300,合成纤维制针织或钩编...,73423066,条,15902141,千克,214037239
61046900,其他纺织材料制针织或...,2932509,条,907580,千克,15782894
61051000,棉制针织或钩编的男衬...,7175682,件,1865308,千克,39793043
61052000,化纤制针织或钩编的男...,13226182,件,3027106,千克,75133599
61059000,其他纺织材料制针织或...,85610,件,17224,千克,1279080
61061000,棉制针织或钩编的女衬...,2736047,件,580558,千克,12657826
61062000,化纤制针织或钩编的女...,2769247,件,626763,千克,15908425
61069000,其他纺织材料制针织或...,45193,件,11592,千克,309344
61071100,棉制针织或钩编的男内...,77847662,件,5275120,千克,82584113
61071200,化纤制针织或钩编的男...,62260994,件,4104564,千克,71380831
61071910,丝及绢丝制针织或钩编...,432,件,36,千克,4968
61071990,未列名纺织材料制针织...,635263,件,41144,千克,850664
61072100,棉制针织或钩编的男长...,3953614,件,607350,千克,31424035
61072200,化纤制针织或钩编的男...,6241337,件,1509405,千克,16879903
61072910,丝及绢丝制针织或钩编...,70,件,14,千克,4033
61072990,未列名纺材制针织或钩...,86644,件,21600,千克,748700
61079100,棉制针织或钩编的男浴...,479147,件,128251,千克,2318004
61079910,化纤制针织或钩编的男...,1144925,件,403664,千克,4123493
61079990,其他材料制针织或钩编...,25173,件,9753,千克,236722
61081100,化纤制针织或钩编的女...,356298,件,67321,千克,847637
61081910,棉制针织或钩编的女衬...,127324,件,11461,千克,573791
61081920,丝及绢丝制针织或钩编...,94,件,20,千克,1153
61081990,未列名纺织材料制针织...,1298,件,378,千克,12575
61082100,棉制针织或钩编的女三...,120785953,件,5057083,千克,100851696
61082200,化纤制针织或钩编的女...,123660117,件,4952029,千克,93429710
61082910,丝及绢丝制针织或钩编...,8183,件,684,千克,76396
61082990,未列名纺材制针织或钩...,883325,件,69264,千克,1317182
61083100,棉制针织或钩编的女睡...,9143114,件,1844529,千克,27331451
61083200,化纤制针织或钩编的女...,31155394,件,6875365,千克,85592095
61083910,丝及绢丝制针织或钩编...,6593,件,759,千克,143854
61083990,未列名纺材制针织或钩...,604096,件,133552,千克,7638307
61089100,棉制针织或钩编的女浴...,41220697,件,2645764,千克,67564667
61089200,化纤制针织或钩编女浴...,68217419,件,5565121,千克,107226010
61089900,其他纺材制针织或钩编...,12839,件,4207,千克,133034
61091000,棉制针织或钩编的Ｔ恤...,137426165,件,24166053,千克,552987073
61099010,丝及绢丝制针织或钩编...,49397,件,5776,千克,572900
61099090,未列名纺材制针织或钩...,152680308,件,27615471,千克,428305688
61101100,羊毛制针织钩编套头衫...,1733249,件,561326,千克,27635606
61101200,喀什米尔山羊细毛制针...,1007879,件,187788,千克,13058672
61101910,其他山羊细毛制针织钩...,55576,件,13107,千克,1801745
61101920,兔毛制针织钩编套头衫...,629,件,179,千克,7402
61101990,其他细毛制针织钩编套...,34150,件,11164,千克,822578
61102000,棉制针织钩编的套头衫...,48433667,件,16584225,千克,350330839
61103000,化纤制针织钩编套头衫...,80007945,件,24200297,千克,477577997
61109010,丝及绢丝针织钩编套头...,56996,件,10514,千克,1513250
61109090,其他纺材针织钩编套头...,1141261,件,276575,千克,8890479
61112000,棉制针织或钩编的婴儿...,3225530,千克,0,—,69213427
61113000,合成纤维制针织或钩编...,1012398,千克,0,—,18440051
61119010,毛制针织或钩编的婴儿...,8094,千克,0,—,636773
61119090,其他材料制针织或钩编...,160653,千克,0,—,5272517
61121100,棉制针织或钩编的运动...,267387,套,143387,千克,1914651
61121200,合成纤维制针织或钩编...,1977929,套,824607,千克,12647310
61121900,其他纺织材料制针织或...,87851,套,28319,千克,1361921
61122010,棉制针织或钩编的滑雪...,239,套,306,千克,9398
61122090,其他纺织材料制针织或...,180,套,101,千克,11538
61123100,合成纤维制针织或钩编...,5605973,件,632441,千克,17406973
61123900,其他纺织材料制针织或...,4361,件,1332,千克,15121
61124100,合成纤维制针织或钩编...,44828666,件,6208829,千克,167834648
61124900,其他纺织材料制针织或...,343917,件,62392,千克,1713034
61130000,5903、5906或...,677610,件,459202,千克,7476042
61142000,棉制针织或钩编的其他...,31414142,件,5901694,千克,204748637
61143000,化纤制针织或钩编的其...,33477667,件,7262100,千克,145026658
61149010,毛制针织或钩编的其他...,90126,件,46818,千克,2173481
61149090,其他纺织材料制针织或...,1703577,件,363065,千克,7965355
61151000,渐紧压袜类,787903,双,78439,千克,1548947
61152100,合纤针或钩织连裤及紧...,16719715,双,892102,千克,15484409
61152200,合纤针或钩织连裤及紧...,8847974,双,666396,千克,7714095
61152910,棉制针织或钩编的连裤...,3186400,双,274710,千克,3970598
61152990,未列名纺织材料针织或...,425213,双,44062,千克,512303
61153000,其他女式长统袜及中统...,11148043,双,375794,千克,6044103
61159400,毛制其他袜,922063,双,52016,千克,795440
61159500,棉制其他袜,494171180,双,15687408,千克,180798017
61159600,合成纤维制其他袜,560719757,双,17851602,千克,167694881
61159900,其他纺织材料制其他袜,16368008,双,580219,千克,7486836
61161000,用塑料或橡胶浸渍、涂...,256918409,双,12658405,千克,113077970
61169100,其他羊毛或动物细毛制...,478911,双,31422,千克,1897018
61169200,其他棉制针织或钩编的...,85781178,双,4079809,千克,21172923
61169300,其他合成纤维制针织或...,81972841,双,3598557,千克,32435876
61169900,未列名纺织材料制针织...,13165377,双,438314,千克,3476355
61171011,山羊绒制针织或钩编披...,464100,条,41473,千克,3371278
61171019,其他动物细毛制针织或...,15098,条,14803,千克,196142
61171020,羊毛制针织或钩编披巾...,45670,条,8465,千克,385105
61171090,针织或钩编披巾、头巾...,35482082,条,4077558,千克,48459475
61178010,针织或钩编的领带及领...,32932,千克,435520,条,1117670
61178090,针织或钩编的其他衣着...,3603508,千克,0,—,54865726
61179000,针织或钩编的服装或衣...,2211005,千克,0,—,26338001
62012000,羊毛或动物细毛制男式...,23874,件,30771,千克,1443897
62013010,棉制男式羽绒服,57172,件,24801,千克,1285956
62013090,棉制男式其他大衣、短...,427588,件,379879,千克,6876393
62014010,化学纤维制男式羽绒服,219654,件,134851,千克,7181710
62014090,化学纤维制男式其他大...,8161767,件,5927318,千克,97898259
62019000,其他纺织材料制男式大...,373183,件,223618,千克,3400265
62022000,羊毛或动物细毛制女式...,118952,件,130344,千克,7394497
62023010,棉制女式羽绒服,12669,件,9613,千克,221844
62023090,棉制女式其他大衣、短...,1685860,件,595228,千克,27661036
62024010,化学纤维制女式羽绒服,281547,件,156752,千克,7737757
62024090,化学纤维制女式其他大...,8970733,件,6063650,千克,129972597
62029000,其他纺织材料制女式大...,132988,件,77119,千克,1710974
62031100,毛制男式西服套装,211121,套,248357,千克,23450140
62031200,合成纤维制男式西服套...,1261556,套,1202831,千克,26804242
62031910,丝及绢丝制男式西服套...,79,套,105,千克,32908
62031990,未列名纺织材料制男式...,84895,套,81958,千克,1954265
62032200,棉制男式便服套装,1510476,套,962713,千克,12620205
62032300,合成纤维制男式便服套...,2703979,套,1781928,千克,23226902
62032910,丝及绢丝制男式便服套...,66556,套,14799,千克,595252
62032920,毛制男式便服套装,269,套,376,千克,43397
62032990,未列名纺织材料制男式...,43162,套,50975,千克,4370917
62033100,毛制男式上衣,163176,件,124678,千克,10478744
62033200,棉制男式上衣,7859962,件,2822218,千克,67246863
62033300,合成纤维制男式上衣,6003414,件,2895271,千克,64452465
62033910,丝及绢丝制男式上衣,859,件,527,千克,118825
62033990,未列名纺织材料制男式...,578813,件,239246,千克,8569639
62034100,毛制男裤,239029,条,89037,千克,6406250
62034210,棉制阿拉伯裤,15440,条,4183,千克,84135
62034290,棉制其他男裤,42327668,条,18412462,千克,302735013
62034310,合成纤维制阿拉伯裤,3526894,条,610454,千克,5386210
62034390,合成纤维制其他男裤,34024123,条,11197504,千克,196563994
62034910,其他纺织材料制阿拉伯...,1580,条,364,千克,12344
62034990,其他纺织材料制其他男...,1335436,条,457245,千克,10859212
62041100,毛制女式西服套装,4467,套,3635,千克,644149
62041200,棉制女式西服套装,196350,套,62080,千克,5167426
62041300,合成纤维制女式西服套...,450275,套,222021,千克,7551492
62041910,丝及绢丝制女式西服套...,573,套,196,千克,13114
62041990,未列名纺织材料制女式...,16986,套,7065,千克,308921
62042100,毛制女式便服套装,387,套,496,千克,68193
62042200,棉制女式便服套装,2773163,套,1321903,千克,20577651
62042300,合成纤维制女式便服套...,6491722,套,3036111,千克,56478376
62042910,丝及绢丝制女式便服套...,12259,套,3070,千克,174169
62042990,未列名纺织材料制女式...,196101,套,95419,千克,2032228
62043100,毛制女式上衣,194426,件,86491,千克,4526025
62043200,棉制女式上衣,22173593,件,7170829,千克,149542638
62043300,合成纤维制女式上衣,23813525,件,8017870,千克,170840518
62043910,丝及绢丝制女式上衣,37180,件,8969,千克,1128613
62043990,未列名纺织材料制女式...,2345016,件,707396,千克,26463259
62044100,毛制女式连衣裙,12140,件,4755,千克,516191
62044200,棉制女式连衣裙,13007984,件,3620441,千克,125423744
62044300,合成纤维制女式连衣裙,28162590,件,10568455,千克,235521834
62044400,人造纤维制女式连衣裙,8607190,件,2671094,千克,65534340
62044910,丝及绢丝制女式连衣裙,97547,件,27632,千克,5981359
62044990,未列名纺织材料制女式...,1500103,件,529202,千克,24029619
62045100,细毛制女式裙子及裙裤,150882,件,27974,千克,1630200
62045200,棉制女式裙子及裙裤,10567229,件,2943634,千克,85104085
62045300,合成纤维制女式裙子及...,16575381,件,4410471,千克,97035681
62045910,丝及绢丝制女式裙子及...,41187,件,8716,千克,1392996
62045990,未列名纺织材料制女式...,3095415,件,894256,千克,20183331
62046100,细毛制女裤,35754,条,16978,千克,1167913
62046200,棉制女裤,64992384,条,28030493,千克,403806721
62046300,合成纤维制女裤,35984028,条,10501511,千克,249940505
62046900,其他纺织材料制女裤,11850128,条,3331503,千克,77028486
62052000,棉制男衬衫,10330195,件,2872971,千克,77367423
62053000,化纤制男衬衫,10473961,件,2862861,千克,58106672
62059010,丝及绢丝制男衬衫,105732,件,27584,千克,2841567
62059020,毛制男衬衫,1360,件,789,千克,87164
62059090,未列名纺织材料制男衬...,1032785,件,250136,千克,10363230
62061000,丝及绢丝制女衬衫,107601,件,18665,千克,3864061
62062000,毛制女衬衫,839,件,416,千克,22913
62063000,棉制女衬衫,9185561,件,2017016,千克,89654691
62064000,化纤制女衬衫,13812606,件,3034866,千克,89980604
62069000,其他纺织材料制女衬衫,1188948,件,291236,千克,13362323
62071100,棉制男内裤,7980911,件,650224,千克,11322344
62071910,丝及绢丝制男内裤,1297,件,211,千克,56887
62071920,化纤制男内裤,1635635,件,106015,千克,1633457
62071990,未列名纺织材料制男内...,29920,件,1635,千克,11361
62072100,棉制男睡衣及睡衣裤,1979552,件,424723,千克,7022436
62072200,化纤制男睡衣及睡衣裤,980758,件,262749,千克,4153771
62072910,丝及绢丝制男睡衣及睡...,2320,件,476,千克,84519
62072990,未列名纺织材料制男睡...,19129,件,4194,千克,114223
62079100,棉制其他男内衣、浴衣...,855013,件,279690,千克,3612679
62079910,丝及绢丝制其他男内衣...,77,件,28,千克,5220
62079920,化纤制其他男内衣、浴...,756432,件,241972,千克,3786395
62079990,未列名纺织材料制其他...,16995,件,4162,千克,142652
62081100,化纤制女衬裙,158888,件,31801,千克,593988
62081910,丝及绢丝制女衬裙,1204,件,83,千克,23119
62081920,棉制女衬裙,13405,件,2408,千克,90034
62081990,未列名纺织材料制女衬...,8103,件,1983,千克,36739
62082100,棉制女睡衣及睡衣裤,3564654,件,862042,千克,16784502
62082200,化纤制女睡衣及睡衣裤,8952288,件,1887593,千克,47293161
62082910,丝及绢丝制女睡衣及睡...,71162,件,8866,千克,1829026
62082990,未列名纺织材料制女睡...,499177,件,128882,千克,3504969
62089100,棉制其他女内衣、短衬...,17611318,件,1161325,千克,21954565
62089200,化纤制其他女内衣、短...,17233380,件,1254744,千克,31643460
62089910,丝及绢丝其他女内衣、...,51094,件,4781,千克,1012582
62089990,未列名材料其他女内衣...,158981,件,20912,千克,1167924
62092000,棉制婴儿服装及衣着附...,364737,千克,0,—,8974216
62093000,合成纤维制婴儿服装及...,296270,千克,0,—,5066932
62099010,毛制婴儿服装及衣着附...,0,千克,0,—,258
62099090,其他纺织材料制婴儿服...,30183,千克,0,—,852035
62101020,棉或麻毡呢或无纺织物...,30992,件,4326,千克,30266
62101030,化纤毡呢或无纺织物制...,107837234,件,9006728,千克,45825813
62101090,其他纺织材料毡呢或无...,2251684,件,295584,千克,1379264
62102000,用品目59.03、5...,1972816,件,1122558,千克,14361661
62103000,用品目59.03、5...,402567,件,208969,千克,4786173
62104000,用品目59.03、5...,3516500,件,2335282,千克,40411080
62105000,用品目59.03、5...,3366574,件,1977468,千克,36076893
62111100,男式游泳服,2773002,件,436842,千克,10665502
62111200,女式游泳服,1026937,件,202919,千克,7351879
62112010,棉制滑雪套服,57,套,46,千克,407
62112090,其他纺织材料制滑雪套...,14524,套,10761,千克,255931
62113210,棉制阿拉伯袍,172985,件,105230,千克,631187
62113220,棉制其他男式运动服,27364,套,20763,千克,300554
62113290,棉制其他男式服装,2644891,件,1103366,千克,18520413
62113310,化学纤维制阿拉伯袍,7060509,件,2790710,千克,29830091
62113320,化学纤维制其他男式运...,353409,套,166757,千克,3799835
62113390,化学纤维制其他男式服...,9923553,件,3517323,千克,63743794
62113910,丝及绢丝制其他男式服...,919,件,265,千克,29475
62113920,毛制其他男式服装,51312,件,23059,千克,1242027
62113990,未列名纺织材料制其他...,128028,件,62919,千克,1890911
62114210,棉制其他女式运动服,38429,套,19952,千克,532772
62114290,棉制其他女式服装,9051063,件,2137479,千克,56667910
62114310,化纤制其他女式运动服,221157,套,92282,千克,1657993
62114390,化纤制其他女式服装,31247008,件,7536589,千克,184596193
62114910,丝及绢丝制其他女式服...,73467,件,11153,千克,2238584
62114990,未列名纺织材料制其他...,2290923,件,388117,千克,16667200
62121010,化纤制胸罩,173783668,件,12324119,千克,295885967
62121090,其他纺织材料制胸罩,17222710,件,1358723,千克,35696831
62122010,化纤制腹带,3099296,件,555207,千克,9802979
62122090,其他纺织材料制腹带,1524570,件,216367,千克,4948981
62123010,化纤制紧身胸衣,4898778,件,650410,千克,38946816
62123090,其他纺织材料制紧身胸...,463533,件,66798,千克,1904676
62129010,化纤制吊裤带、吊袜带...,4864923,件,287724,千克,10927255
62129090,其他纺织材料制吊裤带...,1910347,件,41662,千克,722010
62132010,棉制刺绣手帕,470949,条,11683,千克,524311
62132090,其他棉制手帕,15264315,条,282750,千克,4921677
62139020,其他纺织材料制刺绣手...,30173,条,1559,千克,71821
62139090,其他纺织材料制其他手...,14101898,条,232914,千克,2537125
62141000,丝及绢丝制披巾、头巾...,668475,条,63650,千克,3600111
62142010,羊毛披巾，头巾，围巾...,136960,条,25708,千克,1513731
62142020,山羊绒披巾，头巾，围...,53923,条,7368,千克,1015361
62142090,其他动物细毛披巾，头...,6,条,1,千克,792
62143000,合成纤维制披巾、围巾...,38758379,条,4357771,千克,66398747
62144000,人造纤维披巾、头巾、...,1264075,条,165087,千克,2885766
62149000,其他纺织材料制披巾，...,3535419,条,405824,千克,8104954
62151000,丝及绢丝制领带及领结,1398171,条,103763,千克,5997786
62152000,化纤制领带及领结,6529372,条,400951,千克,10097262
62159000,其他纺织材料制领带及...,142125,条,7913,千克,449350
62160000,分指手套、连指手套及...,20779496,双,1247758,千克,18405630
62171010,袜子及袜套,242672,千克,5292044,双,4221393
62171020,和服腰带,41849,千克,311046,条,885613
62171090,未列名制成的衣着附件,1214814,千克,0,—,18404570
62179000,服装或衣着附件的零件,721711,千克,0,—,14134449
63011000,电暖毯,782594,条,1176109,千克,10084515
63012000,羊毛或动物细毛制毯子...,651599,条,244062,千克,13168120
63013000,棉制毯子及旅行毯,4114662,条,1568768,千克,22089743
63014000,合成纤维制毯子及旅行...,34111078,条,32199815,千克,161171209
63019000,其他纤维制毯子及旅行...,406113,条,256629,千克,2073122
63021010,棉制针织或钩编的床上...,2754189,条,706859,千克,11045518
63021090,其他纺织材料制针织或...,8020096,条,3595258,千克,21531863
63022110,棉制印花床单,662180,条,419688,千克,4195140
63022190,棉制未列名印花床上用...,5929619,条,2465898,千克,31231610
63022210,化纤制印花床单,6389069,条,3143174,千克,16541166
63022290,化纤制未列名印花床上...,31543270,条,8568622,千克,54033203
63022910,丝及绢丝制印花床上用...,23799,条,3342,千克,312579
63022920,麻制印花床上用织物制...,28139,条,6208,千克,133898
63022990,未列名纺织材料制印花...,101553,条,38121,千克,273102
63023110,棉制刺绣的床上用织物...,220819,条,119052,千克,1787585
63023191,其他棉制床单,2821436,条,1988394,千克,18010170
63023192,棉制毛巾被,552550,条,529988,千克,4062104
63023199,棉制未列名非针织或钩...,15143122,条,4673270,千克,49756321
63023210,化纤制刺绣的床上用织...,1020736,条,347614,千克,1673607
63023290,化纤制未列名非针织或...,93118172,条,22984243,千克,147624525
63023910,丝及绢丝制非针织或钩...,844165,条,228519,千克,14618391
63023921,麻制刺绣的床上用织物...,64928,条,12899,千克,530267
63023929,麻制其他非针织或钩编...,1350130,条,378086,千克,11739957
63023999,未列名纺材制非针织或...,1602538,条,686814,千克,13082507
63024010,手工针织或钩编的餐桌...,104986,件,15699,千克,103991
63024090,非手工针织或钩编的餐...,1222778,件,246750,千克,2506057
63025110,棉制刺绣的餐桌用织物...,29130,件,2153,千克,40906
63025190,棉制其他非针织或钩编...,7706810,件,480232,千克,5872196
63025310,化纤制刺绣的餐桌用织...,382181,件,71356,千克,1152837
63025390,化纤制其他非针织或钩...,32116725,件,5531675,千克,39426011
63025911,亚麻制刺绣的餐桌用织...,10851,件,1267,千克,32189
63025919,亚麻制其他非针织或钩...,1162270,件,137247,千克,14831432
63025990,其他纺织材料制非针织...,227373,件,25790,千克,234674
63026010,棉制浴巾,43214573,条,12996024,千克,116585229
63026090,其他棉制盥洗及厨房毛...,106208516,条,6569629,千克,62848848
63029100,其他棉制盥洗及厨房用...,15986130,条,701664,千克,7375172
63029300,化纤制盥洗及厨房用织...,407213257,条,12671542,千克,115838702
63029910,亚麻制盥洗及厨房用织...,822262,条,57794,千克,6261417
63029990,其他纺织材料制盥洗及...,16171930,条,254008,千克,4745791
63031210,合成纤维制针织的窗帘...,3017700,千克,0,—,18934842
63031220,合成纤维制钩编的窗帘...,234859,千克,0,—,2209157
63031931,棉制针织的窗帘、帐幔...,290922,千克,0,—,3979032
63031932,棉制钩编的窗帘、帐幔...,179,千克,0,—,2752
63031991,其他纺织材料制针织窗...,121225,千克,0,—,545457
63031992,其他纺织材料制钩编窗...,297,千克,0,—,4708
63039100,棉制非针织或钩编的窗...,238014,千克,0,—,2559786
63039200,合纤非针织或钩编的窗...,29345722,千克,0,—,190703796
63039900,其他纺材非针织或钩编...,426231,千克,0,—,5313480
63041121,手工针织的床罩,34392,件,36779,千克,346660
63041129,非手工针织的床罩,1927403,件,1651740,千克,10599110
63041139,非手工钩编的床罩,122,件,68,千克,1324
63041910,丝及绢丝制非针织或钩...,232,件,166,千克,19907
63041921,棉或麻制刺绣床罩,19764,件,5334,千克,39093
63041929,棉或麻制其他非针织或...,479953,件,331908,千克,3424788
63041931,化纤制刺绣床罩,164918,件,99964,千克,760657
63041939,化纤制其他非针织或钩...,4358140,件,2226404,千克,14274009
63041999,其他纺织材料制未列名...,242996,件,79644,千克,1193159
63042010,手工制蚊帐，本章注释...,1370105,件,686055,千克,2408691
63042090,非手工制蚊帐，本章注...,3630187,件,2088951,千克,7354470
63049121,手工针织的其他装饰用...,83677,千克,0,—,1490825
63049129,非手工针织的其他装饰...,3507956,千克,0,—,33138378
63049131,手工钩编的其他装饰用...,26324,千克,0,—,433709
63049139,非手工钩编的其他装饰...,50000,千克,0,—,938666
63049210,棉制刺绣的其他装饰用...,6285,千克,0,—,116742
63049290,棉制非针织或钩编的未...,693307,千克,0,—,15767766
63049310,合成纤维制刺绣的其他...,66496,千克,0,—,568081
63049390,合纤制非针织或钩编的...,7219985,千克,0,—,85622139
63049910,丝及绢丝制非针织或钩...,276,千克,0,—,17867
63049921,麻制刺绣的其他装饰用...,807,千克,0,—,11065
63049929,麻制非针织或钩编的其...,48045,千克,0,—,982156
63049990,其他纺材制非针织或钩...,169228,千克,0,—,2312182
63051000,黄麻等5303的韧皮...,1063102,条,673752,千克,787343
63052000,棉制货物包装用袋,8170157,条,380508,千克,4028885
63053200,化学纤维材料制散装货...,8754632,条,14306329,千克,34136485
63053300,其他聚乙烯、聚丙烯扁...,456792290,条,30860321,千克,78515361
63053900,其他化学纤维材料制货...,35069612,条,2114005,千克,22530118
63059000,其他纺织材料制货物包...,14958408,条,448412,千克,2797373
63061200,合成纤维制油苫布、天...,4427417,件,39918505,千克,140752756
63061910,麻制油苫布、天蓬及遮...,402,件,3931,千克,13250
63061920,棉制油苫布、天蓬及遮...,23891,件,28829,千克,306828
63061990,其他纺织材料制油苫布...,1440537,件,6560229,千克,19181455
63062200,合成纤维制帐蓬（包括...,4381856,件,32244428,千克,168527857
63062910,棉制帐蓬,28132,件,435135,千克,3442919
63062990,其他纺织材料制帐蓬,180908,件,3626739,千克,12266962
63063010,合成纤维制风帆,23508,件,26643,千克,816496
63063090,其他纺织材料制风帆,4205,件,6343,千克,68835
63064010,棉制充气褥垫,22339,件,87386,千克,813844
63064020,化纤制充气褥垫,1060810,件,2246915,千克,23361967
63064090,其他纺织材料制充气褥...,272606,件,366027,千克,2505180
63069010,棉制其他野营用品,376100,件,541432,千克,3795407
63069020,麻制其他野营用品,74047,件,17493,千克,186895
63069030,化纤制其他野营用品,3846139,件,3403165,千克,24653383
63069090,其他纺织材料制未列名...,908124,件,710392,千克,4177300
63071000,擦地布、擦碗布、抹布...,23789137,千克,0,—,135493011
63072000,救生衣及安全带,1873220,千克,4051272,件,25330073
63079010,口罩,9127256,千克,2518260588,个,58748391
63079090,第一分章的未列名制成...,61409534,千克,1447961386,个,416305779
63080000,机织物及纱线构成制小...,78841,千克,0,—,804523
63090000,旧衣物,70271985,千克,0,—,76118591
63101000,已分拣纺织材料碎织物...,2563615,千克,0,—,3545881
63109000,未分拣纺织材料碎织物...,150940,千克,0,—,476756
64011010,橡胶制鞋面的装有金属...,208998,千克,122617,双,1879377
64011090,塑料制鞋面的装有金属...,587689,千克,292294,双,1727378
64019210,橡胶制鞋面的防水靴(...,2444532,千克,2217682,双,17349023
64019290,塑料制鞋面的防水靴(...,2488629,千克,2957266,双,12084275
64019900,其他橡或塑外底及鞋面...,1037336,千克,1504797,双,6415379
64021200,滑雪靴、越野滑雪靴及...,14168,千克,6011,双,358899
64021900,橡胶或塑料制外底及鞋...,3273866,千克,5034570,双,70145886
64022000,用栓塞法装配橡胶或塑...,15272884,千克,60229391,双,134668828
64029100,其他橡胶或塑料制外底...,4682282,千克,5801582,双,58205113
64029910,橡胶制鞋面的其他鞋靴,949557,千克,2721977,双,8501079
64029921,以机织物或其他纺织材...,11924485,千克,19471127,双,158818509
64029929,未列名塑料制鞋面的鞋...,99354193,千克,244466450,双,1150518432
64031200,橡、塑、革外底，皮革...,3579,千克,6984,双,107857
64031900,橡、塑或革外底，皮革...,545860,千克,1019177,双,25362184
64032000,皮革外底，脚背交叉绕...,2483,千克,4128,双,4889
64034000,其他橡，塑，革外底的...,5145425,千克,3891797,双,48150493
64035111,过踝但低于小腿的皮革...,1348,千克,2420,双,16411
64035119,过踝但低于小腿的皮革...,12528,千克,13780,双,303500
64035191,皮革制外底及鞋面的其...,34,千克,41,双,1613
64035199,其他皮革制外底及鞋面...,22620,千克,13636,双,638265
64035900,其他皮革制外底及鞋面...,288809,千克,1018270,双,12266266
64039111,过脚踝但低于小腿的橡...,82918,千克,103399,双,1923941
64039119,过脚踝但低于小腿的橡...,2826523,千克,2453754,双,61148988
64039191,橡胶、塑料或再生皮革...,29378,千克,20333,双,622699
64039199,橡胶、塑料或再生皮革...,619209,千克,443390,双,9903971
64039900,其他橡、塑或再生皮革...,12230271,千克,18476454,双,261121087
64041100,橡或塑外底，纺织材料...,4434993,千克,10844037,双,86896128
64041910,橡胶或塑料制外底，纺...,8896303,千克,55878896,双,85482868
64041990,橡胶或塑料制外底，纺...,44439943,千克,89874123,双,575137420
64042010,皮革或再生皮革制外底...,33873,千克,159707,双,622252
64042090,皮革或再生皮革制外底...,110883,千克,343602,双,5885314
64051010,橡胶、塑料等制外底，...,1375039,千克,2647429,双,32044107
64051090,其他材料制外底，其他...,30682,千克,41252,双,400406
64052000,其他纺织材料制鞋面的...,2426948,千克,17642527,双,25740556
64059010,其他橡胶、塑料或再生...,1338729,千克,3212034,双,23842831
64059090,未列名鞋靴,436181,千克,1901852,双,13546132
64061000,鞋面及其零件，但硬衬...,4121590,千克,81686369,个,78330459
64062010,橡胶制的鞋外底及鞋跟,6625637,千克,47057052,个,49192537
64062020,塑料制的鞋外底及鞋跟,5758028,千克,55402678,个,51878395
64069010,木制的其他鞋靴零件；...,14585,千克,326265,个,93522
64069091,其他材料制活动式鞋内...,3471240,千克,121257918,个,50642554
64069092,其他材料制护腿、裹腿...,119970,千克,1589747,个,2215978
64069099,其他材料制未列名鞋靴...,5609773,千克,204215129,个,67024816
65010000,毡呢帽坯、帽身、帽兜...,25462,千克,0,—,382799
65020000,编结的帽坯或用任何材...,13997,千克,0,—,1091637
65040000,编结帽或用任何材料的...,13409072,个,1674954,千克,25389514
65050010,发网,71228527,个,274049,千克,2774921
65050020,钩编的帽类,1986779,个,130865,千克,2245488
65050091,用品目65.01的帽...,229289,个,33137,千克,881700
65050099,针织的帽类及用成匹的...,481244984,个,12424823,千克,232624655
65061000,安全帽,8466086,个,4671457,千克,85986973
65069100,橡胶或塑料制帽类,54854206,个,891971,千克,15617555
65069910,皮革制帽类,10346,个,2411,千克,81702
65069920,毛皮制帽类,3295,个,323,千克,109676
65069990,未列名材料制帽类,41777904,个,1952652,千克,30624715
65070000,帽圈、帽衬、帽套、帽...,977725,千克,0,—,12092858
66011000,庭园用伞及类似伞,29145299,千克,7142100,把,126225495
66019100,折叠伞,9056526,千克,29421831,把,77410885
66019900,其他雨伞及阳伞,10891825,千克,29674253,把,66697088
66020000,手杖、带座手杖、鞭子...,1419948,千克,2980855,把,14830349
66032000,伞骨、包括装在伞柄上...,2412752,千克,0,—,9335701
66039000,伞、手杖、鞭子及类似...,11679835,千克,0,—,13977516
67010000,带羽毛或羽绒的鸟皮等...,45347,千克,0,—,2162907
67021000,塑料制人造花、叶、果...,18912964,千克,0,—,228480158
67029010,羽毛制人造花、叶、果...,106,千克,0,—,3721
67029020,丝及绢丝制人造花、叶...,83391,千克,0,—,1054156
67029030,化纤制人造花、叶、果...,3786054,千克,0,—,69687623
67029090,未列名材料制人造花、...,2818534,千克,0,—,44631010
67030000,经加工的人发；作假发...,218205,千克,0,—,16762483
67041100,合成纺织材料制整头假...,916269,千克,0,—,21898902
67041900,合成纺织材料制假发，...,2575600,千克,0,—,64535734
67042000,人发制假发，胡须，眉...,965683,千克,0,—,312677426
67049000,其他材料制假、假胡须...,748540,千克,0,—,48530616
68010000,天然石料制的长方砌石...,24168320,千克,0,—,4090064
68021010,大理石制砖、瓦、方块...,269272,千克,0,—,166697
68021090,其他砖、瓦、方块及类...,1701448,千克,0,—,375434
68022110,大理石碑石或建筑用石...,1346176,千克,0,—,552735
68022120,石灰华碑石或建筑用石...,6000,千克,0,—,3404
68022300,花岗岩碑石或建筑用石...,5985233,千克,0,—,1442205
68022910,其他石灰石碑石或建筑...,227225,千克,0,—,39654
68022990,其他碑石或建筑用石及...,1235642,千克,0,—,342965
68029110,大理石、石灰华及蜡石...,884127,千克,0,—,1854060
68029190,未列名已加工大理石、...,58466711,千克,0,—,82161073
68029210,其他石灰石石刻,22900,千克,0,—,3294
68029290,未列名已加工石灰石制...,3311403,千克,0,—,1672034
68029311,花岗岩墓碑石,21325527,千克,0,—,24170872
68029319,其他花岗岩石刻,3495328,千克,0,—,3384876
68029390,未列名已加工花岗岩制...,241737488,千克,0,—,188846308
68029910,未列名石刻,218467,千克,0,—,231126
68029990,未列名已加工石制品,19472412,千克,0,—,31004095
68030010,已加工的板岩及其制品,4293125,千克,0,—,7394943
68030090,粘聚板岩的制品,9140896,千克,0,—,4203868
68041000,碾磨或磨浆用石磨、石...,74471,千克,0,—,151229
68042110,粘聚合成或天然金刚石...,1179361,千克,0,—,11445473
68042190,粘聚合成或天然金刚石...,1058877,千克,0,—,13412271
68042210,其他粘聚磨料或陶瓷制...,17785744,千克,0,—,54890324
68042290,其他粘聚磨料或陶瓷制...,3270644,千克,0,—,14854934
68042310,天然石料制砂轮及其零...,217836,千克,0,—,470753
68042390,天然石料制石磨、石碾...,110616,千克,0,—,320680
68043010,手用琢磨油石,398695,千克,0,—,1138336
68043090,其他手用磨石及抛光石,788802,千克,0,—,5932037
68051000,砂布,4369607,千克,0,—,15825629
68052000,砂纸,4424806,千克,0,—,23796330
68053000,以其他材料为底的天然...,932129,千克,0,—,7210704
68061010,硅酸铝纤维及其制品，...,6934454,千克,0,—,14832557
68061090,其他矿渣棉、岩石棉及...,20495527,千克,0,—,29590758
68062000,膨胀矿物材料（包括其...,4169515,千克,0,—,2729932
68069000,其他隔热、隔、吸音矿...,8404380,千克,0,—,8860133
68071000,成卷的沥青或类似原料...,4515502,千克,0,—,3460790
68079000,其他沥青或类似原料的...,3446390,千克,0,—,1599851
68080000,镶板、瓦、砖等，用水...,19822117,千克,0,—,23477408
68091100,仅用纸、纸板贴面或加...,21829964,千克,0,—,8621448
68091900,其他未装饰的石膏及以...,27449152,千克,0,—,7917613
68099000,其他石膏制品及以石膏...,10436634,千克,0,—,4666889
68101100,水泥、混凝土或人造石...,38489125,千克,0,—,11461113
68101910,人造石制瓦、扁平石及...,67055748,千克,0,—,72019587
68101990,水泥、混凝土制瓦、扁...,2719675,千克,0,—,3011576
68109110,钢筋混凝土和预应力混...,111355460,千克,0,—,17452569
68109190,其他水泥等制建筑和土...,40325671,千克,0,—,16947548
68109910,铁道用水泥枕,72362784,千克,0,—,6100593
68109990,未列名水泥、混凝土或...,58610598,千克,0,—,101923876
68114010,含石棉的瓦楞板,1301520,千克,0,—,286369
68114020,含石棉的其他片、板、...,911522,千克,0,—,1443804
68114030,含石棉的管子及管子附...,45160,千克,0,—,51540
68114090,其他含石棉制品,237477,千克,0,—,339748
68118200,纤维素水泥或类似材料...,24016839,千克,0,—,13152456
68118910,纤维素水泥或类似材料...,1,千克,0,—,19
68118990,纤维素水泥或类似材料...,701945,千克,0,—,5434889
68128000,已加工青石棉纤维及青...,17532,千克,0,—,55100
68129100,石棉制服装、衣着附件...,2982,千克,0,—,44391
68129910,石棉制纸、麻丝板及毡...,21120,千克,0,—,51920
68129920,成片或成卷的压缩石棉...,246878,千克,0,—,248262
68129990,其他已加工的石棉纤维...,575637,千克,0,—,1043540
68132010,以石棉为基本成分的闸...,56589,千克,0,—,133474
68132090,以石棉为基本成分其他...,393564,千克,0,—,1356633
68138100,以其他矿物质或纤维素...,852322,千克,0,—,1843685
68138900,其他矿物质或纤维素为...,1316855,千克,0,—,4709793
68141000,粘聚或复制云母制板、...,2149957,千克,0,—,12320587
68149000,其他已加工的云母及其...,161729,千克,0,—,1308412
68151100,碳纤维,112485,千克,0,—,2717276
68151200,碳纤维织物,154825,千克,0,—,4851749
68151310,碳纤维预浸料,107757,千克,0,—,5360768
68151390,未列名非电气用的碳纤...,564772,千克,0,—,13623509
68151900,其他非电气用的石墨或...,448708,千克,0,—,8013084
68159100,含有菱镁矿、白云石或...,55403490,千克,0,—,42408422
68159940,玄武岩纤维及其制品,701304,千克,0,—,1305177
68159990,未列名石制品及其他矿...,4058253,千克,0,—,7551981
69010000,硅质化石粉等硅土砖、...,3902991,千克,0,—,1368678
69021000,镁、钙或铬单项或合计...,89749450,千克,0,—,74175227
69022000,氧化铝或氧化硅等＞5...,91284334,千克,0,—,64692462
69029000,其他耐火砖、块、瓦及...,16617465,千克,0,—,26238085
69031000,含有按重量计超过51...,400275,千克,0,—,1014217
69032000,氧化铝或与氧化硅混，...,5763445,千克,0,—,14242523
69039000,其他耐火陶瓷制品,2219286,千克,0,—,14420891
69041000,陶瓷建筑用砖,38857155,千克,92138,千块,3249069
69049000,陶瓷制铺地砖、支撑或...,35980939,千克,0,—,115999261
69051000,陶瓷制屋顶瓦,7103401,千克,0,—,2243770
69059000,其他建筑用陶瓷制品,498237,千克,0,—,867481
69060000,陶瓷套管、导管、槽管...,444857,千克,0,—,2999666
69072110,贴面砖、铺面砖，包括...,34571,千克,2316,平方米,33137
69072190,其他贴面砖、铺面砖，...,348642882,千克,19426696,平方米,156236353
69072210,贴面砖、铺面砖，包括...,173213,千克,8751,平方米,91153
69072290,其他贴面砖、铺面砖，...,172222298,千克,9776266,平方米,68637614
69072390,其他贴面砖、铺面砖，...,57669146,千克,4115525,平方米,13465338
69073010,镶嵌砖（马赛克）及其...,63065,千克,4534,平方米,79027
69073090,其他镶嵌砖（马赛克）...,3129797,千克,272870,平方米,3919045
69074010,饰面陶瓷，可置入边长...,6156,千克,450,平方米,27227
69074090,其他饰面陶瓷,744008,千克,55520,平方米,666225
69091100,实验室、化学或其他技...,5368378,千克,0,—,9253558
69091200,莫氏硬度≥9的实验室...,16741895,千克,0,—,29198649
69091900,其他实验室、化学或其...,12184355,千克,0,—,46624347
69099000,农用陶瓷槽缸等容器；...,285991,千克,0,—,722481
69101000,瓷制固定卫生设备,114024692,千克,6021091,件,404542669
69109000,陶制固定卫生设备,2118125,千克,158110,件,10897342
69111011,骨瓷餐具,2194018,千克,0,—,11843921
69111019,其他瓷制餐具,113078836,千克,0,—,380786231
69111021,瓷制厨房刀具,39982,千克,0,—,1244124
69111029,瓷制其他厨房器具,1510383,千克,0,—,8259734
69119000,其他家用或盥洗用瓷器,1638615,千克,0,—,11212712
69120010,陶餐具,5370271,千克,0,—,16929117
69120090,陶制厨房器具及其他家...,4267557,千克,0,—,15442948
69131000,瓷制塑像及其他装饰品,9135292,千克,0,—,61609991
69139000,陶制塑像及其他装饰品,7331051,千克,0,—,25223188
69141000,未列名瓷制品,5174452,千克,0,—,39743867
69149000,未列名陶制品,20410895,千克,0,—,32756397
70010010,无色光学玻璃块料,168428,千克,0,—,1266307
70010090,碎玻璃及废玻璃，来源...,16294849,千克,0,—,20135405
70021000,未加工的玻璃球,732182,千克,0,—,396770
70022010,光导纤维预制棒,163186,千克,0,—,5157144
70022090,其他未加工的玻璃棒,64377,千克,0,—,93108
70023110,熔融石英等熔融硅石制...,66735,千克,0,—,1400267
70023190,熔融石英等熔融硅石制...,96383,千克,0,—,832789
70023200,其他未加工的耐热玻璃...,1229660,千克,0,—,1318259
70023900,未列名未加工的玻璃管,3837623,千克,0,—,4321337
70031200,铸或轧制整块着色等加...,2268171,千克,201385,平方米,924329
70031900,其他铸制或轧制的非夹...,14305115,千克,2100034,平方米,55639938
70032000,铸制或轧制的夹丝玻璃...,443456,千克,34541,平方米,441939
70033000,铸制或轧制的玻璃型材...,512,千克,169,平方米,2427
70042000,拉制或吹制的整块着色...,110501,千克,25388,平方米,249619
70049000,其他拉制或吹制的玻璃...,4205024,千克,1970733,平方米,47258449
70051000,具有吸收或反射层的非...,23864927,千克,2123334,平方米,9559882
70052100,整块着色、不透明、镶...,19938194,千克,1891439,平方米,8460001
70052900,其他非夹丝浮法玻璃板...,38076474,千克,3422278,平方米,19334813
70053000,夹丝浮法玻璃板、片及...,46521,千克,3161,平方米,34140
70060000,经弯曲、磨边、镂刻等...,49112079,千克,0,—,57986635
70071110,航空器、航天器及船舶...,95561,千克,0,—,807289
70071190,车辆用钢化安全玻璃,13847719,千克,0,—,29649405
70071900,其他钢化安全玻璃,254537718,千克,43759603,平方米,232160856
70072110,航空器、航天器及船舶...,756,千克,0,—,30726
70072190,车辆用层压安全玻璃,29422152,千克,0,—,65121730
70072900,其他层压安全玻璃,33396383,千克,1737380,平方米,24880724
70080010,中空或真空隔温、隔音...,12196646,千克,0,—,26405610
70080090,其他多层隔温、隔音玻...,300752,千克,0,—,465570
70091000,车辆后视镜,3989393,千克,0,—,42143670
70099100,未镶框玻璃镜,58745626,千克,0,—,58024627
70099200,已镶框玻璃镜,32394769,千克,0,—,156160049
70101000,玻璃制安瓿,1913254,千克,0,—,2732665
70102000,玻璃塞、盖及类似的封...,4489968,千克,0,—,8639546
70109010,玻璃制坛、瓶、缸、罐...,6279273,千克,0,—,14701057
70109020,玻璃制坛、瓶、缸等容...,74043665,千克,0,—,60949322
70109030,玻璃制坛、瓶、缸等容...,23809862,千克,0,—,25521137
70109090,玻璃制坛、瓶、缸等容...,66015133,千克,0,—,129782612
70111000,制电灯用未封口玻璃外...,168612,千克,0,—,628624
70112090,其他制阴极射线管用末...,836,千克,0,—,80449
70119010,制电子管用未封口玻璃...,16622,千克,0,—,335361
70119090,未列名未封口玻璃外壳...,2692,千克,0,—,36381
70131000,玻璃陶瓷器皿,2763811,千克,0,—,5497561
70132200,铅晶质玻璃高脚杯,35621,千克,0,—,271679
70132800,其他玻璃高脚杯,5745117,千克,0,—,16331563
70133300,其他铅晶质玻璃杯,286187,千克,0,—,1928896
70133700,其他玻璃杯,44749463,千克,0,—,122388174
70134100,铅晶质玻璃制餐桌或厨...,82301,千克,0,—,1052381
70134200,其他餐桌或厨房用耐热...,9973405,千克,0,—,24959147
70134900,其他餐桌或厨房用玻璃...,51107595,千克,0,—,138692700
70139100,铅晶质玻璃盥洗室、办...,158434,千克,0,—,1792288
70139900,其他玻璃盥洗室、办公...,24742944,千克,0,—,91222373
70140010,光学仪器用未经光学加...,111143,千克,0,—,5405678
70140090,未经光学加工的信号玻...,165159,千克,0,—,2344279
70151010,视力矫正眼镜用变色镜...,13375,千克,0,—,212353
70151090,其他视力矫正眼镜用玻...,35942,千克,0,—,283344
70159010,钟表玻璃,4769,千克,0,—,178838
70159020,平光变色镜片坯件,181,千克,0,—,4188
70159090,未列名未经光学加工呈...,10539,千克,0,—,36932
70161000,供镶嵌装饰等用的玻璃...,4651486,千克,0,—,8628107
70169010,花饰铅条窗玻璃及类似...,2259077,千克,0,—,3482769
70169090,未列名建筑铺面用及多...,17875762,千克,0,—,52467980
70171000,熔融石英等熔融硅石制...,1304353,千克,0,—,4380641
70172000,其他实验室、卫生及配...,91055,千克,0,—,1160296
70179000,其他实验室、卫生及配...,1167204,千克,0,—,5515837
70181000,玻璃珠、仿珍珠、仿宝...,10172181,千克,0,—,56931504
70182000,直径≤1mm的玻璃珠,20561611,千克,0,—,12970367
70189000,玻璃眼；灯工方法制作...,2562019,千克,0,—,22954832
70191100,长度不超过50毫米的...,35912891,千克,0,—,24627357
70191200,玻璃纤维无捻粗纱,72682092,千克,0,—,45865644
70191300,其他玻璃纤维纱线，定...,3520445,千克,0,—,5090423
70191400,玻璃纤维制机械结合毡,1843491,千克,0,—,2662144
70191500,玻璃纤维制化学结合毡,16082815,千克,0,—,16238746
70191900,长度超过50毫米的玻...,4187594,千克,0,—,6292589
70196100,玻璃纤维紧密粗纱机织...,8027594,千克,0,—,8823326
70196200,其他玻璃纤维紧密粗纱...,5557628,千克,0,—,6892423
70196310,宽度不超过30厘米的...,114035,千克,0,—,742428
70196320,宽度超过30厘米的玻...,192552,千克,0,—,2358785
70196390,其他玻璃纤维纱线制紧...,3060840,千克,0,—,8020976
70196410,宽度不超过30厘米的...,36769,千克,0,—,244810
70196490,宽度超过30厘米的玻...,319212,千克,0,—,1201820
70196510,宽度不超过30厘米的...,35488,千克,0,—,45733
70196590,宽度不超过30厘米的...,493742,千克,0,—,1316781
70196610,宽度超过30厘米的玻...,974295,千克,0,—,1844245
70196690,宽度超过30厘米的其...,4280909,千克,0,—,7102174
70196910,机械结合的玻璃纤维制...,525485,千克,0,—,847334
70196920,机械结合的玻璃纤维制...,978780,千克,0,—,2188788
70196930,宽度不超过30厘米的...,257799,千克,0,—,814097
70196990,未列名机械结合的玻璃...,4818520,千克,0,—,14308375
70197100,化学粘合的玻璃纤维覆...,3557611,千克,0,—,6865994
70197210,化学粘合的玻璃纤维制...,83998,千克,0,—,205714
70197290,其他化学粘合的玻璃纤...,68590,千克,0,—,295440
70197310,化学粘合的玻璃纤维制...,9005,千克,0,—,19355
70197390,其他化学粘合的玻璃纤...,27582,千克,0,—,295004
70198010,玻璃棉制垫,509678,千克,0,—,1237965
70198020,玻璃棉制纤维网、板及...,1098347,千克,0,—,4119093
70198090,玻璃棉及其他玻璃棉制...,5975760,千克,0,—,14113906
70199021,玻璃纤维布浸胶制品，...,3503315,千克,0,—,17375412
70199029,玻璃纤维布浸胶制品，...,1037276,千克,0,—,5901926
70199091,其他玻璃纤维制垫,937125,千克,0,—,3483644
70199092,其他玻璃纤维制纤维网...,2395294,千克,0,—,6633684
70199099,未列名玻璃纤维制品,11664583,千克,0,—,54738935
70200011,工业用导电玻璃,2885018,千克,0,—,2320594
70200012,工业绝缘子用玻璃伞盘,424855,千克,0,—,558703
70200013,工业用熔融石英或其他...,747428,千克,0,—,33860361
70200019,其他工业用玻璃制品,762221,千克,0,—,3552724
70200091,保温瓶或其他保温容器...,829542,千克,2381965,个,1950917
70200099,其他非工业用玻璃制品,3851100,千克,0,—,7801009
71012210,未分级已加工养殖珍珠,1859,千克,0,—,931659
71012290,其他已加工养殖珍珠,6513,千克,0,—,2155442
71022100,未加工或经简单锯开、...,136008,克拉,0,—,280191
71022900,其他工业用钻石,913,克拉,0,—,74378
71023100,未加工或简单锯开、劈...,451798,克拉,0,—,65040485
71023900,其他非工业用钻石,59083,克拉,0,—,66237219
71031000,未加工或仅简单锯开或...,60778,千克,0,—,207719
71039100,经其他加工的红宝石、...,41860,克拉,0,—,1518244
71039910,经其他加工的翡翠,6877,克拉,0,—,2128
71039920,经其他加工的水晶,19737371,克拉,0,—,49857
71039930,经其他加工的碧玺,706,克拉,0,—,11676
71039940,经其他加工的软玉,274236,克拉,0,—,30621
71039990,经其他加工的未列名宝...,14152288,克拉,0,—,238224
71041000,压电石英,23572618,克,0,—,2062045
71042100,合成或再造钻石，未加...,8227,克,0,—,3169484
71042900,合成或再造其他宝石或...,16722240,克,0,—,208391
71049110,工业用经其他加工的合...,567946,克,0,—,28340703
71049190,非工业用经其他加工的...,639,克,0,—,1649117
71049911,工业用经其他加工的合...,17097007,克,0,—,5715641
71049919,工业用经其他加工的合...,143823,克,0,—,645850
71049990,非工业用经其他加工的...,24899506,克,0,—,5853840
71051020,人工合成的钻石粉末,378709022,克拉,0,—,16062952
71059000,其他天然或合成宝石或...,763329,克,0,—,439252
71061011,平均粒径＜3微米的非...,461000,克,0,—,428820
71061019,其他非片状银粉,6384,克,0,—,2160
71069110,纯度≥99.99%未...,362632015,克,0,—,275994999
71069210,纯度≥99.99%半...,69923,克,0,—,103754
71069290,其他半制成的银,1459193,克,0,—,391885
71070000,以贱金属为底的包银材...,10235,千克,0,—,1458376
71081200,其他未锻造金，非货币...,8485150,克,0,—,584039489
71081300,其他半制的金，非货币...,1958821,克,0,—,136107175
71090000,以贱金属或银为底的包...,511603,克,0,—,66416
71101910,铂板、片,280000,克,0,—,8085647
71101990,其他半制的铂,475,克,0,—,21483
71102100,未锻造钯，钯粉,210214,克,0,—,6491396
71102990,其他半制的钯,8182,克,0,—,63605
71103990,其他半制的铑,1,克,0,—,520
71104100,未锻造的铱、锇及钌，...,196306,克,0,—,2458919
71104910,铱、锇及钌的板、片,93,克,0,—,4618
71104990,其他半制的铱、锇及钌,30,克,0,—,12869
71129220,含有铂或铂化合物的废...,11363000,克,0,—,524240
71131110,镶嵌钻石的银首饰及其...,641877,克,0,—,14438526
71131190,其他银首饰及其零件,29539214,克,0,—,42409340
71131911,镶嵌钻石的黄金制首饰...,2073819,克,0,—,392903434
71131919,其他黄金制首饰及其零...,13297516,克,0,—,817020000
71131921,镶嵌钻石的铂制首饰及...,99710,克,0,—,25162059
71131929,其他铂制首饰及其零件,135528,克,0,—,4968071
71132010,镶嵌钻石以贱金属为底...,89026,克,0,—,143280
71132090,其他以贱金属为底的包...,16518168,克,0,—,820079
71141100,银制器皿及其零件,2363840,克,0,—,2266031
71141900,其他贵金属制器皿及其...,405261,克,0,—,25759314
71159010,其他贵金属或包贵金属...,36190763,克,0,—,6914550
71159090,其他贵金属或包贵金属...,2122555,克,0,—,29793144
71161000,天然或养殖珍珠制品,23370,千克,0,—,2129162
71162000,宝石或半宝石（天然、...,357132,千克,0,—,64044735
71171100,贱金属制袖扣、饰扣,237078,千克,0,—,10440988
71171900,贱金属制其他仿首饰,9207407,千克,0,—,386169403
71179000,未列名仿首饰,3266978,千克,0,—,160256675
71181000,非法定货币的硬币（金...,5248,千克,0,—,34811
72011000,初级形状非合金生铁，...,300000,千克,0,—,222289
72021100,锰铁，按重量计含碳量...,61800,千克,0,—,63539
72021900,锰铁，按重量计含碳量...,219000,千克,0,—,375352
72022100,硅铁，按重量计含硅量...,36847590,千克,0,—,46283859
72022900,硅铁，按重量计含硅量...,2220600,千克,0,—,3496872
72023000,硅锰铁,2111604,千克,0,—,2558166
72024100,铬铁，按重量计含碳量...,13068000,千克,0,—,19980973
72024900,铬铁，按重量计含碳量...,1785000,千克,0,—,5401962
72025000,硅铬铁,1782610,千克,0,—,2917171
72027000,钼铁,355161,千克,0,—,10625900
72028010,钨铁,277387,千克,0,—,7953606
72029100,钛铁及硅钛铁,100900,千克,0,—,520812
72029210,钒铁，按重量计含钒量...,520890,千克,0,—,10834010
72029290,钒铁，按重量计含钒量...,200,千克,0,—,4557
72029300,铌铁,80055,千克,0,—,2591988
72029911,速凝永磁片,270235,千克,0,—,8987395
72029912,钕铁硼磁粉,364640,千克,0,—,10514914
72029919,其他钕铁硼合金,25440,千克,0,—,804659
72029991,按重量计稀土元素总含...,286996,千克,0,—,2890482
72029999,未列名铁合金,12990593,千克,0,—,20326234
72031000,直接从铁矿还原的块、...,1212521,千克,0,—,912700
72039000,其他海锦铁产品；按重...,2013725,千克,0,—,1470219
72041000,铸铁废料及碎料,29244,千克,0,—,12264
72042100,不锈钢废料及碎料,0,千克,0,—,42
72044100,金属切削加工过程中产...,157575,千克,0,—,101708
72051000,生铁、镜铁及钢铁的颗...,9144165,千克,0,—,6329256
72052100,合金钢粉末,1732858,千克,0,—,6314165
72052910,铁粉，平均粒径小于1...,293065,千克,0,—,2231507
72052990,未列名生铁、镜铁及钢...,5741640,千克,0,—,4939020
72071100,矩形截面半制普通钢铁...,60923644,千克,0,—,32989279
72071200,其他矩形截面的半制普...,190681689,千克,0,—,111886593
72071900,其他普通钢铁的半制成...,1319335,千克,0,—,869430
72072000,普通钢铁的半制成品，...,73502947,千克,0,—,40787419
72081000,仅热轧，已轧压花纹普...,23818674,千克,0,—,14280517
72082500,其他热轧、酸洗普通钢...,4717757,千克,0,—,2958931
72082610,屈度＞355牛顿/m...,3365495,千克,0,—,2115788
72082690,其他热轧、酸洗钢铁卷...,20490234,千克,0,—,12621618
72082710,其他热轧、酸洗普通钢...,3280906,千克,0,—,2414558
72082790,其他热轧、酸洗钢铁卷...,45268817,千克,0,—,30812340
72083600,其他仅热轧普通钢铁卷...,142408668,千克,0,—,85483574
72083700,其他仅热轧普通钢铁卷...,296817715,千克,0,—,168991244
72083810,屈度＞355牛顿/m...,64084197,千克,0,—,36946648
72083890,其他热轧普通钢铁卷材...,660415169,千克,0,—,366339918
72083910,其他热轧铁或非合金钢...,314342199,千克,0,—,195251888
72083990,其他热轧铁或非合金钢...,1045407918,千克,0,—,600165068
72084000,热轧，已轧压花纹普通...,21887816,千克,0,—,15327910
72085110,其他热轧铁或非合金钢...,36485340,千克,0,—,24132288
72085121,屈服强度不小于500...,13592092,千克,0,—,12825140
72085129,未列名热轧及未包、镀...,173144267,千克,0,—,110781859
72085191,屈服强度不小于500...,7592372,千克,0,—,4900577
72085199,未列名热轧及未包、镀...,273350511,千克,0,—,171425655
72085200,仅热轧普通钢铁非卷材...,171062350,千克,0,—,108916723
72085310,屈度＞355N/m㎡...,6037002,千克,0,—,3626538
72085390,其他热轧普通钢铁非卷...,19529799,千克,0,—,13118738
72085410,其他热轧铁或非合金钢...,1002110,千克,0,—,633678
72085490,其他热轧铁非合金钢非...,15263688,千克,0,—,10466552
72089000,热轧并经除包镀涂外加...,9950893,千克,0,—,6486676
72091510,屈度＞355牛顿/m...,136178,千克,0,—,131783
72091590,其他冷轧，厚≥3mm...,863892,千克,0,—,687077
72091610,屈度＞275牛顿/m...,47452425,千克,0,—,30418923
72091691,断后伸长率不小于40...,63697415,千克,0,—,42064705
72091699,未列名冷轧，未经包、...,41711679,千克,0,—,26710883
72091710,屈度＞275牛顿/m...,41007575,千克,0,—,26947811
72091791,断后伸长率不小于38...,101631437,千克,0,—,69186149
72091799,未列名冷轧，未经包、...,43339468,千克,0,—,28344868
72091810,仅冷轧铁或非合金钢卷...,20324250,千克,0,—,15147114
72091890,仅冷轧铁或非合金钢卷...,42189486,千克,0,—,26020383
72092500,仅冷轧其他普通钢铁非...,2149427,千克,0,—,1591681
72092600,仅冷轧其他普通钢铁非...,6348572,千克,0,—,4339259
72092700,仅冷轧，0.5mm≤...,7046051,千克,0,—,4788946
72092800,仅冷轧，厚＜0.5m...,585188,千克,0,—,419484
72099000,冷轧但未包镀涂，进一...,5392345,千克,0,—,3691023
72101100,镀或涂锡，厚≥0.5...,99929,千克,0,—,43399
72101200,镀或涂锡的，厚＜0....,100407755,千克,0,—,101667180
72102000,镀或涂铅的，包括镀铅...,4398,千克,0,—,891
72103000,电镀锌的铁或非合金钢...,45214420,千克,0,—,36471592
72104100,其他镀或涂锌瓦楞形普...,40543530,千克,0,—,30427302
72104910,抗拉强度不小于440...,184123799,千克,0,—,134907972
72104990,未列名镀或涂锌的铁或...,738162191,千克,0,—,518634210
72105000,镀或涂氧化铬或铬及氧...,38218781,千克,0,—,34116918
72106100,镀或涂铝锌合金的铁或...,253363449,千克,0,—,186438504
72106900,其他镀或涂铝的铁或非...,5277061,千克,0,—,4534627
72107010,厚度小于1.5毫米的...,573682153,千克,0,—,438492731
72107090,其他涂漆或涂塑的铁或...,39449820,千克,0,—,27195067
72109000,未列名宽≥600mm...,76587167,千克,0,—,56885359
72111300,仅四面或封闭热轧，1...,168231,千克,0,—,132646
72111400,仅热轧，厚≥4.75...,4465690,千克,0,—,3537710
72111900,仅热轧，未包镀涂层，...,16012284,千克,0,—,10573092
72112300,仅冷轧宽＜600mm...,8483577,千克,0,—,6750145
72112900,仅冷轧宽＜600mm...,5220249,千克,0,—,5039770
72119000,仅冷轧，未包镀涂层，...,3160505,千克,0,—,3385373
72121000,镀或涂锡的，宽＜60...,574436,千克,0,—,818801
72122000,电镀锌的宽＜600m...,16479584,千克,0,—,26421829
72123000,其他镀或涂锌的宽＜6...,103776964,千克,0,—,67654516
72124000,涂漆或涂塑的宽＜60...,17918813,千克,0,—,18866673
72125000,其他镀或涂层的宽＜6...,20314893,千克,0,—,16635422
72126000,经包覆的宽＜600m...,598532,千克,0,—,1888107
72131000,带轧制变形的不规则盘...,32834057,千克,0,—,19340556
72132000,不规则盘卷的易切削钢...,1400868,千克,0,—,794544
72139100,直径＜14mm圆截面...,403459915,千克,0,—,226932572
72139900,其他不规则盘卷的普通...,26917793,千克,0,—,15665727
72141000,普通钢铁的锻造条、杆,11351380,千克,0,—,8801978
72142000,轧制凸凹变形及扭曲的...,162863310,千克,0,—,91234697
72143000,其他易切削钢热轧、热...,330673,千克,0,—,220335
72149100,矩形截面普通钢铁热轧...,8795826,千克,0,—,5422686
72149900,其他普通钢铁热轧、热...,108430163,千克,0,—,76230393
72151000,易切削钢冷成形或冷加...,2827580,千克,0,—,3063013
72155000,其他铁及非合金钢的冷...,3851775,千克,0,—,3176103
72159000,未列名的铁及非合金钢...,6059680,千克,0,—,5289807
72161010,热轧、拉拔或挤压普通...,281023,千克,0,—,269636
72161020,热轧、拉或挤压普通工...,1671070,千克,0,—,1019019
72161090,热轧、拉或挤压普通槽...,5811494,千克,0,—,3901361
72162100,热轧、拉拔或挤压普通...,43203716,千克,0,—,25475684
72162200,热轧、拉或挤压普通钢...,19567,千克,0,—,17334
72163100,热轧、拉或挤压普通钢...,29045474,千克,0,—,28091569
72163210,热轧、拉或挤压普通钢...,6217935,千克,0,—,4010916
72163290,热轧拉挤普通钢工字钢...,14358690,千克,0,—,9676626
72163311,热轧、拉或挤压普通钢...,10525562,千克,0,—,7263514
72163319,热轧拉挤普通钢H型钢...,172709356,千克,0,—,106887553
72163390,热轧、拉挤普通钢H型...,38593648,千克,0,—,24133347
72164010,热轧、拉或挤压普通钢...,41445357,千克,0,—,25236448
72164020,热轧、拉或挤压普通钢...,168031,千克,0,—,120933
72165010,热轧、热拉拔或挤压铁...,8572,千克,0,—,6855
72165020,热轧、热拉拔或热挤压...,3887825,千克,0,—,2955568
72165090,未列名热轧拉或挤压普...,4666541,千克,0,—,3542491
72166100,平板轧材制冷成形或冷...,4559193,千克,0,—,3414392
72166900,其他冷成形或冷加工普...,650981,千克,0,—,642356
72169100,平板轧材制冷成形外再...,15094831,千克,0,—,13385859
72169900,其他普通钢铁角材、型...,9782517,千克,0,—,8652690
72171000,未镀或涂层的普通钢铁...,42416406,千克,0,—,34172638
72172000,镀或涂锌的普通钢铁丝,97382733,千克,0,—,79926077
72173010,镀或涂铜的铁丝或非合...,35135493,千克,0,—,38883171
72173090,镀或涂其他贱金属的铁...,878780,千克,0,—,1555429
72179000,其他铁丝或非合金钢丝,5131102,千克,0,—,6608729
72189100,矩形截面的（正方形除...,825,千克,0,—,6740
72191100,热轧不锈钢卷材，，宽...,2925310,千克,0,—,7076364
72191210,热轧不锈钢卷材，60...,13723606,千克,0,—,27352696
72191290,热轧不锈钢卷材，宽度...,3414916,千克,0,—,7928886
72191312,锰≥5.5%，3mm...,97763,千克,0,—,31583
72191319,其他未酸洗热轧不锈钢...,1569970,千克,0,—,2014287
72191322,锰≥5.5%，3mm...,1007134,千克,0,—,1279678
72191329,其他酸洗热轧不锈钢卷...,32336795,千克,0,—,44906864
72191412,锰≥5.5%，厚＜3...,185599,千克,0,—,219135
72191419,其他厚＜3mm，未酸...,1619118,千克,0,—,1677967
72191422,锰≥5.5%，厚＜3...,2689439,千克,0,—,3324983
72191429,其他厚＜3mm，经酸...,8262871,千克,0,—,12705098
72192100,热轧不锈钢非卷材，厚...,11316157,千克,0,—,29900567
72192200,热轧不锈钢非卷材，4...,7156703,千克,0,—,15596548
72192300,热轧不锈钢非卷材，3...,2810833,千克,0,—,5141372
72192410,热轧不锈钢非卷材，1...,1102353,千克,0,—,2104173
72192420,热轧不锈钢非卷材，0...,279548,千克,0,—,429628
72192430,热轧不锈钢非卷材，厚...,90070,千克,0,—,83038
72193100,冷轧不锈钢板材，厚≥...,3598628,千克,0,—,8106740
72193210,冷轧不锈钢板材，60...,11688664,千克,0,—,23739892
72193290,冷轧不锈钢板材，宽度...,1898506,千克,0,—,3537420
72193310,按重量计含锰量在5....,6734111,千克,0,—,7554711
72193390,其他冷轧不锈钢板材，...,62355380,千克,0,—,108134368
72193400,冷轧不锈钢板材，0....,71525289,千克,0,—,112013851
72193500,冷轧不锈钢板材，厚＜...,37961163,千克,0,—,59313111
72199000,其他宽≥600mm的...,5807746,千克,0,—,11249562
72201100,热轧不锈钢板材，厚≥...,574934,千克,0,—,965735
72201200,热轧不锈钢板材，厚＜...,1061421,千克,0,—,1437198
72202020,冷轧不锈钢平板轧材，...,7746059,千克,0,—,18589652
72202030,冷轧不锈钢平板轧材，...,13107721,千克,0,—,22752348
72202040,冷轧不锈钢平板轧材，...,105631,千克,0,—,392150
72209000,其他不锈钢板材，宽＜...,1125742,千克,0,—,3878947
72210000,不规则盘卷的不锈钢热...,9783805,千克,0,—,19061002
72221100,圆形截面的热轧、拉拔...,2714432,千克,0,—,7620142
72221900,其他热轧、拉拔或挤压...,746992,千克,0,—,1833575
72222000,不锈钢冷成形或冷加工...,3222782,千克,0,—,8014959
72223000,其他不锈钢条、杆,1021958,千克,0,—,3233213
72224000,不锈钢角材、型材及异...,2239972,千克,0,—,5078575
72230000,不锈钢丝,6709380,千克,0,—,19644228
72241000,其他合金钢锭及初级形...,494434,千克,0,—,1065524
72249010,单件重量≥10吨的粗...,4523285,千克,0,—,3349543
72249090,其他合金钢半制成品,22777938,千克,0,—,14244351
72251100,取向性硅电钢平板轧材...,59088105,千克,0,—,111611522
72251900,其他硅电钢平板轧材，...,79198503,千克,0,—,62213379
72253010,未经进一步加工的其他...,5279709,千克,0,—,3318119
72253090,未经进一步加工的其他...,67474306,千克,0,—,43332243
72254010,未经进一步加工的热轧...,3566763,千克,0,—,4382846
72254091,未经进一步加工的热轧...,5489196,千克,0,—,4887356
72254099,未经进一步加工的其他...,27199665,千克,0,—,26433228
72255000,其他合金钢冷轧板材，...,31861159,千克,0,—,23330755
72259100,电镀或涂锌的其他合金...,5163115,千克,0,—,4433923
72259200,其他方法镀或涂锌的合...,63845487,千克,0,—,50212706
72259910,高速钢板材，宽≥60...,113792,千克,0,—,105219
72259990,未列名合金钢板材，宽...,82059799,千克,0,—,65074733
72261100,取向性硅电钢平板轧材...,2523888,千克,0,—,5346995
72261900,其他硅电钢平板轧材，...,8055205,千克,0,—,13841221
72262000,高速钢板材，宽＜60...,40872,千克,0,—,298396
72269110,未经进一步加工的热轧...,1248739,千克,0,—,2553049
72269191,未经进一步加工的热轧...,150,千克,0,—,462
72269199,未经进一步加工的其他...,5447735,千克,0,—,7550724
72269200,其他未进一步加工合金...,2125324,千克,0,—,3215719
72269910,电镀或涂锌的其他合金...,281729,千克,0,—,260570
72269920,其他法镀或涂锌的合金...,2808643,千克,0,—,2265829
72269990,未列名合金钢板材，宽...,1751159,千克,0,—,2950926
72271000,不规则盘卷的高速钢热...,123295,千克,0,—,153365
72272000,不规则盘卷的硅锰钢热...,15245770,千克,0,—,9637552
72279010,不规则盘卷的含硼合金...,32328620,千克,0,—,19207068
72279091,不规则盘卷的其他合金...,69416450,千克,0,—,42097139
72281000,其他高速钢条、杆,809369,千克,0,—,6878972
72282000,其他硅锰钢条、杆,1875841,千克,0,—,1445975
72283010,其他含硼合金钢制的条...,10826788,千克,0,—,7162810
72283091,其他合金钢制的条、杆...,181124718,千克,0,—,142339093
72283099,其他合金钢制的条、杆...,14954771,千克,0,—,13361216
72284000,其他合金钢锻造条、杆,28397123,千克,0,—,40340324
72285000,其他合金钢冷成形或冷...,6315062,千克,0,—,8746267
72286000,未列名合金钢条、杆,730589,千克,0,—,1638236
72287010,履带板型钢,2401902,千克,0,—,1892225
72287090,其他合金钢角材、型材...,5571857,千克,0,—,3842721
72288000,合金钢及非合金钢制空...,252423,千克,0,—,467385
72292000,硅锰钢钢丝,33070978,千克,0,—,29900363
72299010,高速钢钢丝,238591,千克,0,—,2143009
72299090,其他合金钢丝,9513866,千克,0,—,9663809
73011000,钢铁板桩,118885743,千克,0,—,76806703
73012000,焊接的钢铁角材、型材...,952696,千克,0,—,1075314
73021000,钢轨,43637164,千克,0,—,33769918
73023000,钢铁道岔尖轨、辙叉、...,1407470,千克,0,—,3920874
73024000,钢铁鱼尾板及钢轨垫板,1809377,千克,0,—,2042099
73029010,钢铁轨枕,106463,千克,0,—,479959
73029090,其他铺轨用钢铁材料,2966175,千克,0,—,4390357
73030010,内径≥500mm的圆...,45538613,千克,0,—,35306309
73030090,其他铸铁管及空心异型...,20429446,千克,0,—,18139635
73041110,不锈钢石油天然气管道...,2805764,千克,0,—,3076839
73041120,不锈钢石油天然气管道...,52986,千克,0,—,216359
73041130,不锈钢石油天然气管道...,331442,千克,0,—,1462223
73041190,不锈钢石油天然气管道...,243915,千克,0,—,950056
73041910,其他钢石油天然气管道...,61290716,千克,0,—,57544891
73041920,其他钢石油天然气管道...,30528051,千克,0,—,27725027
73041930,其他钢石油天然气无缝...,44417371,千克,0,—,39927118
73041990,其他钢石油天然气无缝...,11730530,千克,0,—,12800756
73042210,不锈钢制钻探石油天然...,35,千克,0,—,840
73042290,不锈钢制钻探石油天然...,4625,千克,0,—,20862
73042310,其他钢制钻探石油天然...,9592584,千克,0,—,29730323
73042390,其他钢制钻探石油天然...,251445,千克,0,—,507290
73042400,不锈钢制钻探石油或天...,1511316,千克,0,—,8868334
73042910,屈服强度小于552兆...,71924617,千克,0,—,79849243
73042920,屈服强度大于等于55...,46297917,千克,0,—,66938740
73042930,屈服强度大于等于75...,10339001,千克,0,—,14470382
73043110,冷拔或冷轧的铁或普通...,4027542,千克,0,—,5270113
73043120,冷拔或冷轧的铁或普通...,36428,千克,0,—,63850
73043190,未列名冷拔或冷轧铁或...,15650192,千克,0,—,19089519
73043910,非冷拔或冷轧铁或普通...,6652618,千克,0,—,6271099
73043920,非冷拔或冷轧铁或普通...,138335,千克,0,—,134238
73043990,未列名非冷拔或冷轧铁...,79341017,千克,0,—,76147948
73044110,冷拔或冷轧的不锈钢无...,622111,千克,0,—,1886775
73044190,未列名冷拔或冷轧的不...,11652056,千克,0,—,59925821
73044910,非冷拔或冷轧的不锈钢...,54901,千克,0,—,241239
73044990,未列名非冷拔或冷轧的...,1464880,千克,0,—,4246503
73045110,冷拔或冷轧的其他合金...,913287,千克,0,—,1477112
73045120,冷拔或冷轧的其他合金...,697274,千克,0,—,1832141
73045190,未列名冷拔或冷轧的合...,4683442,千克,0,—,6394295
73045910,非冷拔或冷轧的其他合...,2210749,千克,0,—,5532187
73045920,非冷拔或冷轧其他合金...,95521,千克,0,—,201376
73045990,未列名非冷拔或冷轧的...,12329498,千克,0,—,16364543
73049000,其他无缝钢铁管及空心...,5446045,千克,0,—,5389366
73051100,纵向埋弧焊石油或天然...,50582986,千克,0,—,58577781
73051200,其他纵向焊石油或天然...,5523314,千克,0,—,5906110
73051900,其他石油或天然气管道...,4510399,千克,0,—,3972255
73052000,其他钻探石油或天然气...,1278,千克,0,—,11838
73053100,其他纵向焊圆形截面钢...,13905009,千克,0,—,17084769
73053900,其他焊接的圆形截面钢...,32458856,千克,0,—,27789081
73059000,其他圆形截面钢铁管，...,8492417,千克,0,—,7248432
73061100,不锈钢制石油或天然气...,1517494,千克,0,—,7358247
73061900,其他钢铁制石油或天然...,33605846,千克,0,—,29176123
73062100,不锈钢制钻探石油或天...,51399,千克,0,—,120355
73062900,其他钢铁制钻探石油或...,2775160,千克,0,—,8164172
73063011,其他铁圆形截面焊缝管...,4435424,千克,0,—,8559600
73063019,其他铁圆形截面焊缝管...,503780,千克,0,—,852165
73063090,其他铁圆形截面焊缝管...,131275244,千克,0,—,101506705
73064000,其他不锈钢圆形截面焊...,14104975,千克,0,—,41501238
73065000,其他合金钢圆形截面焊...,4380431,千克,0,—,5703214
73066100,矩形或正方形截面的其...,141179609,千克,0,—,104884919
73066900,其他非圆形截面的焊缝...,666429,千克,0,—,1096124
73069000,未列名钢铁管及空心异...,5318041,千克,837791,个,5822319
73071100,无可锻性铸铁管子附件,21949229,千克,0,—,44632885
73071900,可锻性铸铁及铸钢管子...,13442986,千克,0,—,36381305
73072100,不锈钢制法兰,5198927,千克,0,—,31372926
73072200,不锈钢制螺纹肘管、弯...,791428,千克,0,—,9041653
73072300,不锈钢制对焊件,1419850,千克,0,—,14260621
73072900,不锈钢制其他管子附件,2193874,千克,0,—,25952487
73079100,其他钢铁制法兰,31061390,千克,0,—,51246486
73079200,其他钢铁制螺纹肘管、...,4936968,千克,0,—,18047623
73079300,其他钢铁制对焊件,13237435,千克,0,—,21982747
73079900,未列名钢铁制管子附件,12613014,千克,0,—,44913803
73081000,钢铁制桥梁及桥梁体段,8077784,千克,0,—,17620986
73082000,钢铁制塔楼及格构杆,31663176,千克,0,—,51626683
73083000,钢铁制门窗及其框架、...,29156421,千克,0,—,97886007
73084000,钢铁制脚手架、模板或...,98041235,千克,0,—,140522320
73089000,其他钢铁结构体；钢结...,789763376,千克,0,—,1583139634
73090000,装物料的钢铁槽、罐、...,25573758,千克,298596,个,73608932
73101000,盛装物料的钢铁容器，...,3033634,千克,564254,个,11117562
73102110,"易拉罐及罐体,焊边或...",2156593,千克,0,—,4870829
73102190,其他焊边或卷边接合的...,12164368,千克,0,—,43659341
73102910,"易拉罐及罐体,非焊边...",470814,千克,0,—,1227954
73102990,其他盛装物料用钢铁容...,5849803,千克,0,—,31435368
73110010,装压缩气体或液化气体...,2304175,千克,0,—,5612912
73110090,装压缩气体或液化气体...,36729882,千克,0,—,83500562
73121000,非绝缘的钢铁绞股线、...,170116734,千克,0,—,235504700
73129000,非绝缘的钢铁编带、吊...,3269992,千克,0,—,11338864
73130000,带刺钢铁丝；围篱钢铁...,8628961,千克,0,—,12229815
73141200,不锈钢制机器用环形带,38679,千克,0,—,314962
73141400,不锈钢制其他机织布,2837201,千克,0,—,19805781
73141900,其他钢铁丝机织布（包...,2403219,千克,0,—,6011587
73142000,交点焊接的钢铁丝制粗...,15293575,千克,0,—,14605815
73143100,其他钢铁丝制镀或涂锌...,16524959,千克,0,—,23242010
73143900,其他钢铁丝制交点焊接...,7364029,千克,0,—,11792272
73144100,镀或涂锌的钢铁丝制布...,19706474,千克,0,—,27696528
73144200,涂塑的钢铁丝制布、网...,5228416,千克,0,—,8671394
73144900,其他钢铁丝制布、网、...,5774669,千克,0,—,16809451
73145000,网眼钢铁板,5540618,千克,0,—,8884331
73151110,自行车用滚子链,1196730,千克,0,—,4205800
73151120,摩托车用滚子链,9270948,千克,0,—,20314263
73151190,其他滚子链,10350464,千克,0,—,29794918
73151200,其他铰接链（滚子链除...,7619415,千克,0,—,18631007
73151900,铰接链的零件,3214601,千克,0,—,8093748
73152000,防滑链,395558,千克,0,—,773722
73158100,日字环节链,16228606,千克,0,—,21542965
73158200,其他焊接链,14381278,千克,0,—,20153666
73158900,未列名钢铁链,2556272,千克,0,—,15436993
73159000,链（铰接链除外）的零...,410615,千克,0,—,1825436
73160000,钢铁锚、多爪锚及其零...,3992809,千克,0,—,8187460
73170000,钢铁制钉、平头钉、图...,85900914,千克,0,—,113855922
73181100,方头螺钉,2013575,千克,0,—,2658097
73181200,其他木螺钉,7014034,千克,0,—,10962115
73181300,钩头螺钉及环头螺钉,914965,千克,0,—,2269719
73181400,自攻螺钉,29458325,千克,0,—,57870670
73181510,其他螺钉及螺栓，抗拉...,37897394,千克,0,—,84089942
73181590,其他螺钉及螺栓，抗拉...,97320475,千克,0,—,215851240
73181600,螺母,47405208,千克,0,—,111684776
73181900,其他钢铁制螺纹制品,37765660,千克,0,—,66367709
73182100,弹簧垫圈及其他防松垫...,2063422,千克,0,—,6024963
73182200,其他垫圈,17458256,千克,0,—,43638699
73182300,铆钉,3010825,千克,0,—,12806301
73182400,销及开尾销,6455158,千克,0,—,25633635
73182900,其他钢铁制无螺纹制品,5404140,千克,0,—,19779330
73194010,钢铁制安全别针,86253,千克,0,—,555167
73194090,钢铁制其他别针,501637,千克,0,—,2601176
73199000,钢铁制的手工缝针、编...,686118,千克,0,—,11321153
73201010,铁道车辆用钢铁片簧及...,1186,千克,0,—,6820
73201020,汽车用钢铁片簧及簧片,12494023,千克,0,—,18124546
73201090,其他钢铁片簧及簧片,1079283,千克,0,—,5314287
73202010,铁道车辆用钢铁螺旋弹...,132791,千克,0,—,308483
73202090,其他钢铁螺旋弹簧,9999009,千克,0,—,36517396
73209010,铁道车辆用其他钢铁弹...,3787,千克,0,—,16103
73209090,未列名钢铁弹簧,3269162,千克,0,—,16534960
73211100,用气体等燃料的钢铁制...,70921583,千克,5341760,个,257288459
73211210,钢铁制家用煤油炉,95370,千克,54212,个,466290
73211290,其他用液体燃料钢铁制...,356256,千克,470236,个,6218973
73211900,其他钢铁制家用炊事器...,23236999,千克,3423007,个,75839037
73218100,其他使用气体燃料的钢...,3503096,千克,275628,个,17410588
73218200,其他使用液体燃料的钢...,62627,千克,48078,个,606519
73218900,其他钢铁制家用器具,8961256,千克,1583767,个,42284416
73219000,品目7321的零件,17256225,千克,0,—,73331735
73221100,非电热的铸铁制集中供...,1005228,千克,0,—,1583821
73221900,非电热的其他钢铁制集...,3037476,千克,0,—,7113427
73229000,非电热钢铁制空气加热...,520863,千克,0,—,3213915
73231000,钢铁丝绒、擦锅器及洗...,2777847,千克,0,—,10735834
73239100,未搪瓷铸铁制餐桌、厨...,6082422,千克,0,—,62386010
73239200,已搪瓷铸铁制餐桌、厨...,3059843,千克,0,—,8803160
73239300,不锈钢制餐桌、厨房或...,59357968,千克,0,—,476567106
73239410,其他已搪瓷钢铁制面盆,302436,千克,0,—,1062697
73239420,其他已搪瓷钢铁制烧锅,1720228,千克,0,—,5460173
73239490,未列名已搪瓷钢铁制餐...,1743643,千克,0,—,11983170
73239900,其他未搪瓷钢铁餐桌、...,39573271,千克,0,—,217182518
73241000,不锈钢洗涤槽及脸盆,9934604,千克,0,—,81859294
73242100,铸铁浴缸，不论是否搪...,361006,千克,0,—,920891
73242900,其他钢铁浴缸,268407,千克,0,—,840285
73249000,未列名钢铁制卫生器具...,14084481,千克,0,—,116265504
73251010,工业用无可锻性铸铁制...,9755514,千克,0,—,18564831
73251090,其他无可锻性铸铁制品,18973359,千克,0,—,27935787
73259100,可锻性铸铁及铸钢制研...,18908448,千克,0,—,19873893
73259910,工业用未列名可锻性铸...,5420709,千克,0,—,15025987
73259990,非工业用未列名可锻性...,3455579,千克,0,—,8760848
73261100,经锻造或冲压的研磨机...,103010964,千克,0,—,90212497
73261910,经锻造或冲压的工业用...,12452693,千克,0,—,40654574
73261990,经锻造或冲压的非工业...,7925296,千克,0,—,23762730
73262010,工业用钢铁丝制品,12851130,千克,0,—,11882227
73262090,其他钢铁丝制品,74296396,千克,0,—,122239539
73269011,工业用钢铁纤维及其制...,3385816,千克,0,—,4915103
73269019,其他工业用钢铁制品,84182130,千克,0,—,302936741
73269090,未列名非工业用钢铁制...,213739608,千克,0,—,901096346
74020000,未精炼铜；电解精炼用...,24080,千克,0,—,252602
74031111,未锻轧铜含量＞99....,23290465,千克,0,—,198840223
74031900,其他未锻轧的精炼铜,1000,千克,0,—,500
74032100,未锻轧的铜锌合金（黄...,1811,千克,0,—,7406
74050000,铜母合金,116222,千克,0,—,1642437
74061010,精炼铜非片状粉末,168322,千克,0,—,1997322
74061020,铜镍合金（白铜）或铜...,500,千克,0,—,4014
74061030,铜锌合金（黄铜）非片...,23700,千克,0,—,265588
74061040,铜锡合金（青铜）非片...,36963,千克,0,—,520545
74061090,其他铜合金非片状粉末,29334,千克,0,—,354914
74062010,精炼铜片状粉末,4450,千克,0,—,147320
74062090,其他铜合金片状粉末,10890,千克,0,—,113013
74071010,铬锆铜制精炼铜条、杆...,307277,千克,0,—,3610658
74071090,其他精炼铜条、杆、型...,975299,千克,0,—,8979642
74072111,铜锌合金（黄铜）条、...,209662,千克,0,—,1631842
74072119,铜锌合金（黄铜）条、...,148210,千克,0,—,1156409
74072190,铜锌合金（黄铜）制型...,84622,千克,0,—,713143
74072900,其他铜合金条、杆、型...,535717,千克,0,—,7107819
74081100,最大截面尺寸＞6mm...,5000385,千克,0,—,44197737
74081900,其他精炼铜丝,5198892,千克,0,—,51521117
74082100,铜锌合金丝,1076492,千克,0,—,8390434
74082210,铜镍锌铅合金（加铅德...,173127,千克,0,—,2023360
74082290,其他铜镍合金（白铜)...,1902,千克,0,—,46016
74082900,其他铜合金丝,552476,千克,0,—,5961946
74091110,含氧≤10PPM盘卷...,609965,千克,0,—,6018001
74091190,其他盘卷的精炼铜板、...,4555833,千克,0,—,44168158
74091900,其他精炼铜板、片及带...,946625,千克,0,—,11561344
74092100,盘卷的铜锌合金板、片...,2050028,千克,0,—,15787234
74092900,其他铜锌合金板、片及...,297650,千克,0,—,2131229
74093100,盘卷的铜锡合金板、片...,659910,千克,0,—,7951468
74093900,其他铜锡合金板、片及...,67071,千克,0,—,735794
74094000,铜镍、铜镍锌合金板、...,504498,千克,0,—,6527748
74099000,其他铜合金板、片及带...,330742,千克,0,—,4072457
74101100,无衬背精炼铜箔，厚≤...,3759381,千克,0,—,43927710
74101210,无衬背铜镍合金或铜镍...,272856,千克,0,—,3233887
74101290,其他无衬背铜合金箔，...,349508,千克,0,—,3660871
74102110,印制电路用覆铜板,8676352,千克,0,—,55455830
74102190,其他有衬背精炼铜箔，...,178014,千克,0,—,3039793
74102210,衬背铜镍，铜镍锌合金...,1761,千克,0,—,176655
74102290,其他有衬背铜合金箔，...,7203,千克,0,—,190428
74111011,带有螺纹或翅片的精炼...,6947120,千克,0,—,66233914
74111019,其他精炼铜管，外径≤...,12908544,千克,0,—,122669537
74111020,外径超过70毫米的精...,221706,千克,0,—,3250976
74111090,其他精炼铜管，25m...,1858451,千克,0,—,17967626
74112110,盘卷的铜锌合金（黄铜...,14671,千克,0,—,143435
74112190,其他铜锌合金（黄铜）...,1127986,千克,0,—,10629290
74112200,铜镍合金或铜镍锌合金...,432408,千克,0,—,5329467
74112900,其他铜合金管,64533,千克,0,—,1129231
74121000,精炼铜管子附件,1027400,千克,0,—,14700846
74122010,铜镍合金或铜镍锌合金...,35252,千克,0,—,577827
74122090,其他铜合金管子附件,4440951,千克,0,—,52723061
74130000,非绝缘铜丝绞线、缆、...,563142,千克,0,—,7680453
74151000,铜制或钢铁制带铜头的...,25553,千克,0,—,257325
74152100,铜制垫圈（包括弹簧垫...,28182,千克,0,—,1395573
74152900,其他铜制无螺纹制品,39887,千克,0,—,1593976
74153310,铜制木螺钉,4645,千克,0,—,66130
74153390,铜制其他螺钉；螺栓及...,486543,千克,0,—,7694309
74153900,其他铜制螺纹制品,51575,千克,0,—,814105
74181010,铜制擦锅器及洗刷擦光...,10970,千克,0,—,159766
74181020,非电热的铜制家用烹饪...,108008,千克,0,—,1007336
74181090,其他餐桌、厨房或其他...,38661,千克,0,—,564583
74182000,铜制卫生器具及其零件,1303360,千克,0,—,21040816
74192010,铸造、模压、冲压或锻...,959,千克,0,—,45836
74192020,铸造、模压、冲压或锻...,789761,千克,0,—,8266427
74192090,铸造、模压、冲压或锻...,132422,千克,0,—,3164975
74198010,其他铜制链条及其零件,9714,千克,0,—,167469
74198020,铜弹簧,6506,千克,0,—,982499
74198030,铜丝制的布（包括环形...,313,千克,0,—,22847
74198040,铜丝制的网、格栅，网...,30898,千克,0,—,721026
74198050,非电热的铜制家用供暖...,3608,千克,0,—,82577
74198091,未列名工业用铜制品,714566,千克,0,—,10013420
74198099,未列名非工业用铜制品,390211,千克,0,—,10049563
75012010,镍湿法冶炼中间产品,815520,千克,0,—,2375028
75021010,按重量计镍、钴总量≥...,592526,千克,0,—,10896974
75021090,其他未锻轧非合金镍,6903949,千克,0,—,113605470
75022000,未锻轧的镍合金,9457,千克,0,—,64792
75030000,镍废料及碎料,106780,千克,0,—,1679446
75040010,非合金镍粉及片状粉末,43620,千克,0,—,773642
75040020,合金镍粉及片状粉末,191991,千克,0,—,9127520
75051100,非合金镍条、杆、型材...,1371,千克,0,—,216346
75051200,镍合金条、杆、型材及...,628437,千克,0,—,18457502
75052100,非合金镍丝,1196,千克,0,—,94256
75052200,镍合金丝,91147,千克,0,—,2920361
75061000,非合金镍板、片、带、...,96743,千克,0,—,3386684
75062000,镍合金板、片、带、箔,299513,千克,0,—,4197374
75071100,非合金镍管,1383,千克,0,—,48773
75071200,镍合金管,179416,千克,0,—,8903602
75072000,镍管子附件,13159,千克,0,—,1052500
75081010,镍丝布,5009,千克,0,—,305330
75081080,工业用镍格栅及网,2205,千克,0,—,183236
75081090,非工业用镍格栅及网,3394,千克,0,—,158033
75089080,其他工业用镍制品,12998,千克,0,—,1748405
75089090,其他非工业用镍制品,21088,千克,0,—,1234165
76011010,含铝量≥99.95%...,21895,千克,0,—,160812
76011090,含铝量＜99.95%...,1170097,千克,0,—,3430315
76012000,未锻轧的铝合金,17490177,千克,0,—,45048251
76020000,铝废料及碎料,36367,千克,0,—,96452
76031000,铝非片状粉末,628228,千克,0,—,2813671
76032000,铝片状粉末,60502,千克,0,—,198404
76041010,非合金铝制条、杆,238597,千克,0,—,695725
76041090,非合金铝制型材及异型...,109544,千克,0,—,183352
76042100,铝合金制空心异型材,37215369,千克,0,—,130190395
76042910,铝合金制条、杆,7681865,千克,0,—,24986066
76042990,其他铝合金制型材及异...,27993095,千克,0,—,101864278
76051100,最大截面尺寸超过7毫...,174993,千克,0,—,511381
76051900,其他非合金铝丝,330275,千克,0,—,1167100
76052100,最大截面尺寸超过7毫...,872607,千克,0,—,2871674
76052900,其他铝合金丝,1357397,千克,0,—,5881506
76061121,铝塑复合的非合金铝矩...,502461,千克,0,—,1292866
76061129,其他非合金铝矩形板、...,1806838,千克,0,—,5291837
76061191,其他铝塑复合的非合金...,4346206,千克,0,—,7598692
76061199,其他非合金铝矩形板、...,26921821,千克,0,—,84162144
76061220,铝合金矩形板、片，0...,106918610,千克,0,—,314512739
76061230,铝合金矩形板、片，0...,9774231,千克,0,—,29768306
76061251,铝塑复合的铝合金矩形...,18531585,千克,0,—,32901234
76061259,其他铝合金矩形板、片...,63523774,千克,0,—,203330274
76061290,铝合金矩形板、片，厚...,34369673,千克,0,—,117496517
76069100,其他非合金铝板、片及...,4291327,千克,0,—,14126147
76069200,其他铝合金板、片及带...,7159645,千克,0,—,24947492
76071110,轧后未加工无衬背铝箔...,26424651,千克,0,—,92733015
76071120,轧后未加工无衬背铝箔...,5084969,千克,0,—,17051330
76071190,轧后未加工无衬背铝箔...,49461827,千克,0,—,156722625
76071900,其他无衬背铝箔,24099676,千克,0,—,123849036
76072000,有衬背铝箔,19727712,千克,0,—,67728731
76081000,非合金铝管,1804211,千克,0,—,6630476
76082010,铝合金管，外径≤10...,8510267,千克,0,—,41280397
76082091,铝合金管，壁厚≤25...,533720,千克,0,—,2499535
76082099,铝合金管，壁厚＞25...,405279,千克,0,—,2488432
76090000,铝制管子附件（例如，...,2201709,千克,0,—,27021361
76101000,铝制门窗及其框架、门...,22529638,千克,0,—,119019049
76109000,其他铝制结构体；铝结...,79521307,千克,0,—,344923648
76110000,铝制槽、罐、桶等容器...,259824,千克,0,—,1703056
76121000,铝制软管容器,249739,千克,0,—,2980505
76129010,铝制易拉罐及罐体,2110457,千克,0,—,10412456
76129090,其他容积≤300L的...,2404126,千克,0,—,15732521
76130010,装压缩气体或液化气体...,277669,千克,0,—,2691927
76130090,装压缩气体或液化气体...,424766,千克,0,—,3474084
76141000,非绝缘的钢芯铝制绞股...,8200320,千克,0,—,24033597
76149000,其他非绝缘的铝制绞股...,5920715,千克,0,—,21034510
76151010,铝制擦锅器、洗刷擦光...,130,千克,0,—,4300
76151090,其他铝制餐桌、厨房或...,41166627,千克,0,—,232512065
76152000,铝制卫生器具及其零件,506588,千克,0,—,7844661
76161000,铝制钉、螺钉、螺栓、...,1036365,千克,0,—,16664965
76169100,铝丝制布、网、篱及格...,855396,千克,0,—,5284239
76169910,其他工业用铝制品,11419542,千克,0,—,114856630
76169990,其他非工业用铝制品,37761340,千克,0,—,290498463
78011000,未锻轧的精炼铅,4310220,千克,0,—,7325353
78019100,按重量计所含其他元素...,189413,千克,0,—,556934
78019900,其他未锻轧铅,783638,千克,0,—,2004635
78041100,铅片、带及厚度（衬背...,4872,千克,0,—,60205
78041900,铅板,1245852,千克,0,—,4078855
78042000,铅粉及片状粉末,19,千克,0,—,255
78060010,铅条、杆、型材及异型...,61417,千克,0,—,187239
78060090,其他铅制品,153144,千克,0,—,652626
79011110,含锌量≥99.995...,614803,千克,0,—,1558612
79011190,99.99%≤含锌量...,650,千克,0,—,1846
79012000,未锻轧锌合金,316217,千克,0,—,939163
79039000,锌粉及片状粉末,271322,千克,0,—,1083133
79040000,锌条、杆、型材及异型...,220802,千克,0,—,856871
79050000,锌板、片、带、箔,53868,千克,0,—,225055
79070020,锌制管及管子附件（例...,340218,千克,0,—,2029089
79070030,电池壳体坯料（锌饼）,64392,千克,0,—,197782
79070090,其他锌制品,620593,千克,0,—,5761078
80011000,未锻轧的非合金锡,1490952,千克,0,—,40248451
80012021,按重量计含铅量＜0....,160,千克,0,—,5557
80012029,其他未锻轧的焊锡,25000,千克,0,—,429029
80012090,其他未锻轧的锡合金,27,千克,0,—,2645
80030000,锡条、杆、型材及异型...,67387,千克,0,—,1940190
80070020,锡板、片及带，厚度＞...,1,千克,0,—,259
80070030,锡箔，厚（除衬背）≤...,171610,千克,0,—,1393537
80070090,未列名锡制品,127127,千克,0,—,1096609
81011000,钨粉,211814,千克,0,—,8136309
81019400,未锻轧钨，包括简单烧...,69700,千克,0,—,2802084
81019600,钨丝,37339,千克,0,—,4573858
81019700,钨废料及碎料,37526,千克,0,—,1421801
81019910,钨条、杆、型材及钨制...,52267,千克,0,—,3988264
81019990,其他钨制品,28483,千克,0,—,2244284
81021000,钼粉,34148,千克,0,—,2014399
81029400,未锻轧钼，包括简单烧...,286243,千克,0,—,16657062
81029500,钼条、杆、型材及异型...,39686,千克,0,—,3333422
81029600,钼丝,26305,千克,0,—,2055902
81029700,钼废料及碎料,197793,千克,0,—,9202538
81029900,其他钼制品,31137,千克,0,—,2317735
81032011,松装密度＜2.2g/...,2430,千克,0,—,1182147
81032019,其他钽粉,2882,千克,0,—,1027584
81032090,其他未锻轧钽，包括简...,1,千克,0,—,2643
81039100,钽制坩埚,5,千克,0,—,7197
81039911,直径小于0.5毫米的...,3346,千克,0,—,1626915
81039919,直径在0.5毫米及以...,628,千克,0,—,696603
81039990,未列名锻轧钽及其制品,39072,千克,0,—,12967000
81041100,含镁量≥99.8%的...,30318115,千克,0,—,85369967
81041900,其他未锻轧镁,10044726,千克,0,—,32842427
81042000,镁废料及碎料,515842,千克,0,—,1562207
81043000,镁锉屑、车屑及颗粒，...,9393972,千克,0,—,28941324
81049010,锻轧镁,328216,千克,0,—,2147172
81049020,镁制品,448971,千克,0,—,2112329
81052020,未锻轧钴,988020,千克,0,—,27819113
81052090,其他钴锍及冶炼钴时所...,117854,千克,0,—,3783416
81059000,锻轧钴及钴制品,21623,千克,0,—,1026397
81061010,按重量计铋含量在99...,239581,千克,0,—,1928349
81061090,按重量计铋含量在99...,186510,千克,0,—,1563727
81069010,按重量计铋含量在99...,19,千克,0,—,129045
81069090,按重量计铋含量在99...,3842,千克,0,—,106482
81082021,海绵钛,281051,千克,0,—,2137366
81082029,其他未锻轧钛,187596,千克,0,—,2508850
81082030,钛粉末,16802,千克,0,—,453821
81083000,钛废料及碎料,174437,千克,0,—,1212573
81089010,钛条、杆、型材及异型...,681864,千克,0,—,15788013
81089020,钛丝,93506,千克,0,—,2510017
81089031,厚度≤0.8mm的钛...,80399,千克,0,—,1744274
81089032,厚度＞0.8mm的钛...,857861,千克,0,—,21610460
81089040,钛管,257775,千克,0,—,6459708
81089090,其他锻轧钛及钛制品,390904,千克,0,—,24376050
81099100,按重量计铪与锆之比低...,1,千克,0,—,136
81099900,其他锻轧锆及锆制品,20934,千克,0,—,1253363
81101010,未锻轧锑,273055,千克,0,—,3543264
81101020,锑粉末,12000,千克,0,—,199200
81110010,未锻轧锰；废料及碎料...,34058433,千克,0,—,59941691
81110090,锻轧锰及锰制品,6792022,千克,0,—,12203690
81121900,锻轧铍及铍制品,0,千克,0,—,35287
81122100,未锻轧铬；铬粉末,1325520,千克,0,—,11596265
81122900,锻轧铬及铬制品,6127,千克,0,—,431691
81123100,未锻轧铪；铪废料及碎...,2582,千克,0,—,6025011
81123900,锻轧铪及铪制品,41,千克,0,—,172839
81124100,未锻轧铼；铼废料及碎...,0,千克,0,—,1254
81124900,锻轧铼及铼制品,7,千克,0,—,46841
81126910,未锻轧镉；镉粉末,163084,千克,0,—,811071
81126990,锻轧镉及镉制品,0,千克,0,—,1600
81129220,未锻轧的钒；钒废料及...,8249,千克,0,—,374863
81129230,未锻轧的铟；铟废料及...,57006,千克,0,—,13747837
81129240,未锻轧的铌；铌废料及...,49026,千克,0,—,3815882
81129290,未锻轧的镓；镓废料及...,514,千克,0,—,172765
81129910,锻轧的锗及其制品,3206,千克,0,—,4266334
81129920,锻轧的钒及其制品,466620,千克,0,—,9778608
81129930,锻轧的铟及其制品,403,千克,0,—,95284
81129940,锻轧的铌及其制品,17867,千克,0,—,3376863
81129990,锻轧的镓及其制品,700,千克,0,—,232729
81130010,金属陶瓷颗粒；金属陶...,112551,千克,0,—,5031050
81130090,其他金属陶瓷及其制品...,9867,千克,0,—,1029923
82011000,锹及铲,9328175,千克,11244828,把,27040758
82013000,镐、锄及耙,6998499,千克,7301417,把,18709897
82014000,斧子、钩刀及类似砍伐...,2386168,千克,3504481,把,6559001
82015000,修枝剪及类似的单手操...,1147553,千克,4595194,把,11679463
82016000,树篱剪、双手修枝剪及...,987944,千克,1114351,把,5443610
82019010,叉,468215,千克,607339,把,1586613
82019090,其他用于农业、园艺或...,1635444,千克,4281321,把,10654765
82021000,手工锯,1913658,千克,5134108,把,12190649
82022010,双金属带锯条,370608,千克,0,—,5064445
82022090,其他带锯片,350531,千克,0,—,2153516
82023100,带有钢制工作部件的圆...,1444042,千克,0,—,11832345
82023910,带有天然或合成金刚石...,2011067,千克,0,—,19700552
82023990,未列名圆锯片，包括部...,4633748,千克,0,—,33226337
82024000,链锯条,634692,千克,0,—,8269728
82029110,机械锯用锯金属的直锯...,113480,千克,0,—,1735212
82029190,其他锯金属的直锯片,157989,千克,0,—,638314
82029910,其他机械锯用锯片,1007188,千克,0,—,21859987
82029990,未列名锯片,982460,千克,0,—,7811454
82031000,钢锉、木锉及类似工具,713815,千克,7565568,把,5124170
82032000,钳子（包括剪钳）、镊...,8807091,千克,52012658,把,88821839
82033000,白铁剪及类似工具,436411,千克,1191460,把,2945823
82034000,切管器、螺栓切头器、...,436667,千克,2458612,把,5048979
82041100,固定的手动扳手及扳钳,7278341,千克,71907135,把,46529410
82041200,可调的手动扳手及扳钳,3985225,千克,11488852,把,22823346
82042000,可互换的扳手套筒，不...,6359805,千克,16307102,套,33630187
82051000,钻孔或攻丝工具,421130,千克,3567173,个,7820798
82052000,锤子,5249126,千克,7260881,个,16568988
82053000,木工刨子、凿子及类似...,848491,千克,3841068,个,5598439
82054000,螺丝刀,3845186,千克,68872066,个,28215337
82055100,其他家用手工工具,10879042,千克,72712143,个,151639049
82055900,其他手工工具,19394607,千克,83091694,个,141704463
82056000,喷灯,63861,千克,208717,个,802606
82057000,台钳、夹钳及类似品,3724946,千克,4522912,个,14601810
82059000,砧、轻便锻炉；带支架...,2210655,千克,0,—,13528332
82060000,8202至8205中...,11833624,千克,0,—,87453433
82071300,带有金属陶瓷制工作部...,348842,千克,0,—,3808785
82071910,带金刚石、立方氮化硼...,881837,千克,0,—,16937658
82071990,其他凿岩或钻探工具,4560552,千克,0,—,41236966
82072010,带金刚石、立方氮化硼...,9530,千克,164615,套,3031581
82072090,其他材料制工作部件的...,603361,千克,617754,套,6628032
82073000,锻压或冲压工具,13578986,千克,0,—,124929770
82074000,攻丝工具,598762,千克,9821136,件,10065091
82075010,超硬材料制工作部件的...,379769,千克,1945806,件,6224649
82075090,其他材料制工作部件的...,7194285,千克,151140570,件,85317930
82076010,超硬材料制工作部件的...,7984,千克,35655,件,305604
82076090,其他材料制工作部件的...,176039,千克,1971255,件,2137847
82077010,带有天然或合成金刚石...,34430,千克,165831,件,2346215
82077090,其他铣削工具,481757,千克,14886686,件,25663678
82078010,带有天然或合成金刚石...,2630,千克,809812,件,2657488
82078090,其他车削工具,59464,千克,725708,件,3286385
82079010,超硬材料制工作部件的...,293111,千克,8528320,件,5580929
82079090,其他材料制工作部件的...,2859787,千克,86050007,件,29042110
82081011,经镀或涂层的硬质合金...,102694,千克,0,—,21207540
82081019,其他硬质合金制的金工...,110005,千克,0,—,8032500
82081090,其他金工机械用刀及刀...,119961,千克,0,—,2375787
82082000,木工机械用刀及刀片,620626,千克,0,—,5244742
82083000,厨房器具或食品工业机...,132407,千克,0,—,2013919
82084000,农业、园艺或林业机器...,1006028,千克,0,—,4398456
82089000,未列名机器或机械器具...,1426526,千克,0,—,13197614
82090010,未装配的工具用金属陶...,19595,千克,0,—,1180277
82090021,晶粒度小于0.8微米...,274736,千克,0,—,15258360
82090029,晶粒度不小于0.8微...,110933,千克,0,—,6055089
82090030,未装配的工具用金属陶...,170823,千克,0,—,12471425
82090090,其他未装配的工具用金...,347028,千克,0,—,21226932
82100000,加工调制食品或饮料手...,3518544,千克,5358926,台,81419989
82111000,成套的刀,2869468,千克,4797118,套,26552255
82119100,刃面固定的餐刀,763398,千克,10992267,把,5740967
82119200,其他刃面固定的刀,3035719,千克,30856982,把,28641177
82119300,刃面不固定的刀,1310297,千克,20458748,把,14974477
82119400,品目8211所列刀的...,701574,千克,0,—,4211272
82119500,贱金属制刀柄,35632,千克,0,—,819328
82121000,剃刀,2647104,千克,139555747,把,31951963
82122000,安全刀片，包括未分开...,288906,千克,220573654,片,8186485
82129000,其他剃刀零件,267419,千克,0,—,7319589
82130000,剪刀、裁缝剪刀及类似...,5919566,千克,0,—,48180553
82141000,裁纸刀、开信刀、改错...,2118385,千克,0,—,14065114
82142000,修指甲及修脚用具（包...,3278141,千克,0,—,67835275
82149000,未列名利口器,3002660,千克,0,—,22223532
82151000,成套厨房或餐桌用具，...,12938,千克,0,—,130462
82152000,其他成套的餐匙、餐叉...,7389487,千克,0,—,67623404
82159100,其他镀贵金属的餐匙、...,7804,千克,0,—,102699
82159900,其他餐匙、餐叉、勺等...,11711531,千克,0,—,101949315
83011000,挂锁,9144204,千克,51623354,把,50173157
83012010,机动车用中央控制门锁,1029120,千克,2452079,套,14604993
83012090,机动车用其他锁,1805160,千克,5065942,套,32500906
83013000,家具用锁,2417130,千克,15362572,个,19939302
83014000,未列名锁,16450343,千克,38953201,个,143278010
83015000,带锁的扣环及扣环框架,283822,千克,0,—,4759797
83016000,锁的零件,7471055,千克,0,—,71553552
83017000,钥匙,306167,千克,0,—,5584931
83021000,贱金属制铰链（折叶）,28607465,千克,0,—,136088121
83022000,贱金属制小脚轮,10544058,千克,0,—,51297924
83023000,其他机动车辆用的贱金...,3824700,千克,0,—,19150168
83024100,建筑用其他贱金属制附...,34912586,千克,0,—,222799760
83024200,家具用其他贱金属制附...,68138729,千克,0,—,290855948
83024900,鞍具、衣箱、盒子等其...,11879248,千克,0,—,60141274
83025000,贱金属制帽架、帽钩、...,14064208,千克,0,—,82007977
83026000,贱金属制自动闭门器,4354889,千克,4680658,个,27865456
83030000,装甲加强的贱金属保险...,14741700,千克,2384947,个,44887604
83040000,贱金属档案柜、文件篮...,2989162,千克,0,—,14644092
83051000,贱金属制活页夹或卷宗...,1657860,千克,0,—,7427337
83052000,贱金属制成条钉书钉,8280236,千克,0,—,15662243
83059000,贱金属信夹、文件夹、...,3093329,千克,0,—,16345481
83061000,非电动的贱金属铃、钟...,584113,千克,0,—,8291666
83062100,镀贵金属的雕塑像及其...,4712,千克,0,—,272219
83062910,景泰蓝的雕塑像及其他...,1275,千克,0,—,68022
83062990,未列名贱金属雕塑像及...,10687342,千克,0,—,113084018
83063000,贱金属的相框、画框及...,1956391,千克,0,—,12986332
83071000,钢铁制软管，不论是否...,5469108,千克,0,—,33075675
83079000,其他贱金属制软管，不...,888185,千克,0,—,4741757
83081000,贱金属制钩、环、眼,6579257,千克,0,—,88364520
83082000,贱金属制的管形铆钉及...,2302806,千克,0,—,12195076
83089000,其他贱金属制扣及类似...,1192983,千克,0,—,23082576
83091000,贱金属制冠形瓶塞,154642,千克,0,—,871712
83099000,贱金属制其他塞、盖、...,28009685,千克,0,—,108379310
83100000,贱金属标志牌、铭牌、...,1363500,千克,0,—,35333072
83111000,焊剂涂面的贱金属电极...,30935945,千克,0,—,30383091
83112000,焊剂为芯的贱金属制焊...,13593699,千克,0,—,22006273
83113000,焊剂涂面或做芯贱金属...,2930516,千克,0,—,21809248
83119000,其他贱金属焊条等；贱...,816918,千克,0,—,4024999
84013010,未辐照燃料元件（释热...,18488,千克,0,—,20567670
84014090,其他核反应堆零件,31788,千克,24,台,1883552
84021190,蒸发量＞45吨/时的...,4,台,456752,千克,1102258
84021200,蒸发量≤45吨/时的...,175,台,1246417,千克,5092926
84021900,未列名蒸汽锅炉，包括...,1546,台,3301325,千克,9164734
84022000,过热水锅炉,41,台,7823,千克,57974
84029000,蒸汽及过热水锅炉零件,15886214,千克,0,—,44913811
84031010,家用型集中供暖用的热...,35281,台,1084367,千克,8363216
84031090,其他集中供暖用的热水...,2273,台,422853,千克,2880716
84039000,集中供暖用的热水锅炉...,1292306,千克,0,—,10007961
84041010,蒸汽锅炉和过热水锅炉...,5530980,千克,0,—,19754907
84042000,水蒸汽或其他蒸汽动力...,3608907,千克,0,—,21244329
84049010,84041020所列...,110196,千克,0,—,885589
84049090,84041010、8...,3311623,千克,0,—,10180159
84051000,煤气发生器；乙炔发生...,96019,千克,0,—,3058348
84059000,煤气发生器及乙炔发生...,344648,千克,0,—,1484645
84068200,输出功率≤40兆瓦的...,20,台,464263,千克,4570666
84069000,汽轮机零件,3960181,千克,0,—,37220971
84071010,功率≤298kw航空...,44,台,4826,千克,2444300
84072100,船用舷外点燃往复或旋...,38116,台,1305028,千克,26188388
84072900,船舶用其他点燃往复或...,32,台,8890,千克,63382
84073100,车用往复活塞发动机，...,25748,台,537054,千克,3648387
84073200,车用往复活塞发动机，...,120833,台,3556164,千克,23607994
84073300,车用往复活塞发动机，...,12484,台,752295,千克,10718314
84073410,3000ml≥排量＞...,109378,台,8235956,千克,152548150
84073420,排量＞3000ml车...,476,台,251825,千克,1351328
84079090,未列名点燃式活塞内燃...,794836,台,12757532,千克,70775317
84081000,船舶用柴油机,9828,台,2076653,千克,28769308
84082010,车用柴油机，P≥13...,9011,台,6093028,千克,41936118
84082090,其他车辆用柴油机,10080,台,3141781,千克,24064578
84089010,机车用柴油机,74,台,21593,千克,220774
84089091,其他输出功率≤14k...,56632,台,4119472,千克,12478266
84089092,其他14kw＜输出功...,61645,台,13455035,千克,52150301
84089093,其他输出功率≥132...,3774,台,4403425,千克,43129960
84091000,航空器发动机零件,1532,千克,0,—,497963
84099110,船舶用点燃式活塞内燃...,1108138,千克,0,—,11976835
84099191,电控燃油喷射装置,143450,千克,823856,套,3469012
84099199,其他点燃式活塞内燃发...,42266875,千克,0,—,433947044
84099910,船舶用柴油机的零件,3401309,千克,0,—,46547810
84099920,机车用柴油机的零件,491354,千克,0,—,3418130
84099991,P≥132.39kw...,20098612,千克,0,—,124619250
84099999,未列名柴油机的零件,15009724,千克,0,—,112127091
84101100,水轮机及水轮，P≤1...,38,台,10827,千克,137064
84101330,P＞200000kw...,129,台,7652,千克,24084
84109010,水轮机及水轮的调节器,26295,千克,59,套,392260
84109090,其他水轮机及水轮的零...,2620549,千克,0,—,24598742
84111190,其他涡轮喷气发动机，...,19,台,593,千克,117173
84111210,涡轮风扇喷气发动机，...,8,台,53118,千克,47958410
84111290,其他涡轮喷气发动机，...,40,台,168,千克,2200
84118100,其他燃气轮机，P≤5...,13,台,4734,千克,3626626
84119100,涡轮喷气发动机或涡轮...,551759,千克,0,—,245226978
84119910,涡轮轴发动机用零件,25020,千克,0,—,5459625
84119990,未列名燃气轮机的零件,2969922,千克,0,—,64062750
84122100,直线作用（液压缸）的...,967041,台,20203971,千克,96519260
84122910,液压马达,201874,台,2369090,千克,23788852
84122990,其他液压动力装置,69692,台,2447440,千克,25417524
84123100,直线作用（气压缸）的...,1503753,台,3307016,千克,31195312
84123900,其他气压动力装置,180463,台,666598,千克,7634898
84128000,未列名发动机及动力装...,36726,台,184308,千克,6800810
84129010,航空器及航天器喷气发...,6230,千克,0,—,1513529
84129090,8412其他发动机及...,30918653,千克,0,—,168653227
84131100,分装燃料或润滑油的计...,28902,台,729631,千克,6168613
84131900,其他装有或可装计量装...,262146,台,934874,千克,15214857
84132000,手泵，但装有或可装计...,322396903,台,7141220,千克,43643438
84133021,输出P≥132.39...,219184,台,374447,千克,10999990
84133029,其他活塞式内燃发动机...,3096027,台,1872845,千克,40735709
84133030,活塞式内燃发动机的润...,1243865,台,1391162,千克,19911936
84133090,活塞式内燃发动机用冷...,2226668,台,2771712,千克,26600337
84134000,混凝土泵,754,台,2629878,千克,10966022
84135010,气动往复式排液泵,223379,台,493455,千克,8883291
84135020,电动往复式排液泵,3712012,台,3643959,千克,45884760
84135031,液压往复式柱塞泵,133425,台,1056028,千克,15772334
84135039,其他液压往复式排液泵,200284,台,541642,千克,4214265
84135090,未列名往复式排液泵,804321,台,1238572,千克,10872268
84136021,电动回转式齿轮泵,255438,台,444673,千克,9875954
84136022,液压回转式齿轮泵,113092,台,824162,千克,8227640
84136029,其他回转式齿轮泵,53823,台,194637,千克,3435694
84136031,电动回转式叶片泵,485322,台,1204831,千克,9295842
84136032,液压回转式叶片泵,27330,台,237340,千克,2382725
84136039,其他回转式叶片泵,270429,台,817904,千克,9148377
84136040,回转式螺杆泵,21554,台,533655,千克,6103088
84136050,回转式径向柱塞泵,1455,台,18315,千克,936794
84136060,回转式轴向柱塞泵,52644,台,512336,千克,8751195
84136090,其他回转式排液泵,1799954,台,10033607,千克,59032221
84137010,转速≥10000转/...,2070030,台,533227,千克,6838786
84137091,转速＜10000转/...,3662212,台,21943875,千克,112771440
84137099,转速＜10000转/...,8373399,台,40287161,千克,243503809
84138100,未列名液体泵,224556,台,684260,千克,6126111
84138200,液体提升机,466,台,26238,千克,185303
84139100,液体泵零件,28761059,千克,0,—,222960457
84139200,液体提升机零件,78555,千克,0,—,938756
84141000,真空泵,795539,台,2451924,千克,42179742
84142000,手动或脚踏式空气泵,10410813,台,3657405,千克,24639647
84143011,冷藏、冷冻箱压缩机，...,8212187,台,53482769,千克,170128716
84143012,0.4kw＜电动机额...,169574,台,2144453,千克,8921556
84143013,0.4kw＜电动机额...,4681126,台,42880362,千克,221732617
84143014,电动机额定功率＞5k...,115958,台,4946327,千克,40346864
84143015,电动机额定功率＞5k...,10523,台,616386,千克,5356548
84143019,电机驱动的其他制冷设...,571887,台,4135942,千克,23297146
84143090,非电动机驱动的制冷设...,900424,台,5491652,千克,64614863
84144000,装在拖车底盘上的空气...,17522,台,1191552,千克,13103173
84145110,输出功率≤125瓦的...,4833492,台,23810045,千克,122774986
84145120,输出功率≤125瓦的...,1921660,台,3068226,千克,29326546
84145130,输出功率≤125瓦的...,2158164,台,2632700,千克,25103036
84145191,输出功率≤125瓦的...,12836605,台,17381612,千克,121390622
84145192,输出功率≤125瓦的...,12461296,台,44187294,千克,241576061
84145193,输出功率≤125瓦的...,907464,台,2630704,千克,16227470
84145199,输出功率≤125瓦的...,28129869,台,16112367,千克,216166722
84145910,其他吊扇,15027,台,277056,千克,2673586
84145920,其他换气扇,197551,台,748593,千克,4960571
84145930,离心通风机,2074216,台,6981384,千克,58388840
84145990,未列名风机、风扇,36717738,台,23854699,千克,255162972
84146010,抽油烟机，罩平面最大...,952592,台,9108648,千克,51830686
84146090,其他罩平面最大边长≤...,115803,台,690440,千克,6602782
84147010,罩的平面最大边长不超...,1,台,160,千克,4100
84147090,其他气密生物安全柜,3,台,693,千克,10724
84148010,燃气轮机用的自由活塞...,942,台,67431,千克,403980
84148020,二氧化碳压缩机,36272,台,210171,千克,2391766
84148030,发动机用增压器（涡轮...,290150,台,2599651,千克,53258861
84148041,螺杆空压机,10197,台,4833850,千克,43017100
84148049,未列名空气及其他气体...,803798,台,20513301,千克,119740390
84148090,其他空气泵，通风罩、...,9647319,台,11172330,千克,118150918
84149011,84143011至8...,134283,千克,0,—,1386123
84149019,84143011至8...,7891400,千克,0,—,39174574
84149020,84145110至8...,9181227,千克,0,—,43626061
84149090,8414所列其他机器...,31420294,千克,0,—,312877995
84151010,独立窗式、壁式、置于...,1438097,台,39905572,千克,180115846
84151021,制冷量≤4000大卡...,3960308,台,121184276,千克,606096749
84151022,制冷量＞4000大卡...,1955172,台,112322756,千克,588737074
84152000,机动车辆上供人使用的...,593112,台,2652588,千克,30383567
84158110,装冷热换向阀空调器，...,146359,台,4119233,千克,24131664
84158120,装冷热换向阀空调器，...,28702,台,5134366,千克,43282102
84158210,其他空气调节器，制冷...,1131496,台,25052018,千克,128326946
84158220,其他空气调节器，制冷...,30352,台,4190537,千克,31835166
84158300,未装有制冷装置的空气...,337379,台,2590503,千克,21314148
84159010,84151010、8...,44952625,千克,0,—,311675741
84159090,84151022、8...,72661164,千克,0,—,573034681
84161000,使用液体燃料的炉用燃...,89692,千克,2486,台,916753
84162011,使用天然气的炉用燃烧...,175746,千克,32220,台,3655942
84162019,使用其他气体燃料的炉...,42816,千克,3223,台,504492
84162090,使用粉状固体燃料的炉...,232395,千克,136,台,1079270
84163000,机械加煤机及其机械炉...,32189,千克,12,台,47481
84169000,品目8416的零件,304108,千克,0,—,3898348
84171000,矿砂或金属的焙烧、熔...,9315,台,3075584,千克,20533160
84172000,面包房用烤炉及烘箱，...,12714,台,1212765,千克,8304684
84178010,炼焦炉,1,台,42285,千克,117889
84178040,石灰石分解炉,9,台,350843,千克,2111376
84178050,垃圾焚烧炉,50,台,684163,千克,9494750
84178090,未列名非电热的工业或...,4178,台,10271104,千克,27911282
84179010,海绵铁回转窑的零件,624348,千克,0,—,1474775
84179020,焦炉零件,1166354,千克,0,—,3008008
84179090,品目84.17其他设...,5068021,千克,0,—,26424009
84181010,容积超过500升的冷...,402304,台,42802809,千克,165927054
84181020,容积超过200升，但...,1441586,台,85018811,千克,243471789
84181030,容积不超过200升的...,668908,台,20423386,千克,61431973
84182110,容积＞150L的压缩...,263951,台,12000109,千克,39227283
84182120,50L＜容积≤150...,863695,台,19447760,千克,66112215
84182130,容积≤50L的压缩式...,417964,台,5451885,千克,28699468
84182910,半导体制冷式家用型冷...,697276,台,3118491,千克,20669226
84182920,电气吸收式家用型冷藏...,21113,台,422123,千克,2121191
84182990,其他家用型冷藏箱,10649,台,49122,千克,564471
84183010,T≤-40℃的柜式冷...,18375,台,527049,千克,2803850
84183021,T＞-40℃的柜式冷...,37799,台,2971785,千克,9909909
84183029,T＞-40℃的柜式冷...,1322581,台,40557682,千克,121125493
84184010,T≤-40℃的立式冷...,1370,台,261159,千克,3594903
84184021,T＞-40℃的立式冷...,6806,台,809969,千克,3769270
84184029,T＞-40℃的立式冷...,313072,台,14022396,千克,42326116
84185000,用于存储和展示的其他...,447006,台,32100264,千克,150517826
84186120,压缩式热泵,81965,台,6501746,千克,63983449
84186190,其他热泵,7322,台,56395,千克,602125
84186920,其他制冷机组,25961,台,11219297,千克,135713290
84186990,未列名制冷设备,1035251,台,14317853,千克,130471251
84189100,冷藏或冷冻设备专用的...,295639,千克,0,—,1167010
84189910,制冷机组及热泵的零件,6215687,千克,0,—,46668537
84189991,T≤-40℃的冷冻设...,228583,千克,0,—,2696534
84189992,T＞-40℃，容积＞...,2317182,千克,0,—,10317929
84189999,品目8418设备的未...,20885575,千克,0,—,102455931
84191100,燃气快速热水器,308626,台,3094293,千克,33651839
84191200,太阳能热水器,96290,台,5008350,千克,11975542
84191900,其他非电热的快速热水...,21786,台,613104,千克,3043693
84192000,医用或实验室用消毒器...,72169,台,669452,千克,12344757
84193310,农产品冷冻干燥装置、...,33,台,20449,千克,131204
84193320,木材、纸浆、纸或纸板...,13,台,106274,千克,966336
84193390,其他冷冻干燥装置、冷...,285,台,453267,千克,12758067
84193400,其他农产品干燥器,1530,台,607106,千克,2730967
84193500,其他木材、纸浆、纸或...,193,台,5150385,千克,28786593
84193910,微空气流动陶瓷坯件干...,5,台,599,千克,22124
84193990,未列名干燥器,418743,台,6879749,千克,47383730
84194010,提净塔,2,台,79070,千克,666540
84194020,精馏塔,52,台,285127,千克,2700455
84194090,其他蒸馏或精馏设备,32377,台,1468003,千克,10174689
84195000,热交换装置,1006808,台,14357172,千克,135595921
84196011,制氧量≥15000立...,3,台,41,千克,1394
84196019,其他制氧机,19849,台,275200,千克,4308289
84196090,未列名液化空气或其他...,458,台,2345916,千克,32952639
84198100,加工热饮料或烹调、加...,230033,台,5874958,千克,68082612
84198910,加氢反应器,9,台,33488,千克,274291
84198990,未列名利用温度变化处...,2620711,台,11056695,千克,108175008
84199010,热水器零件,4237215,千克,0,—,27040566
84199090,品目8419其他设备...,12058708,千克,0,—,75473923
84201000,砑光机或其他滚压机器,25637,台,1136684,千克,10314406
84209100,滚筒,3407,个,470896,千克,2311958
84209900,砑光机或其他滚压机器...,273548,千克,0,—,2093102
84211100,奶油分离器,1203,台,7801,千克,82617
84211210,干衣量≤10公斤的干...,143841,台,463031,千克,5020461
84211290,干衣量＞10公斤的干...,12,台,8968,千克,37291
84211910,脱水机,22392,台,593615,千克,3998822
84211920,固液分离机,12331,台,918570,千克,9826681
84211990,未列名离心机，包括离...,33444,台,897388,千克,12283438
84212110,家用型水的过滤、净化...,3377967,台,5480792,千克,63950988
84212191,船舶压载水处理设备,239,台,693356,千克,24151638
84212199,其他非家用型水的过滤...,1147960,台,9422212,千克,85370314
84212200,过滤或净化饮料用的机...,435672,台,153801,千克,11171717
84212300,内燃发动机的过滤器,48019166,个,13884744,千克,82763357
84212910,压滤机,2867,个,2542496,千克,12501393
84212990,未列名液体过滤、净化...,22962552,个,6402353,千克,74066299
84213100,内燃发动机的进气过滤...,19575586,个,6977304,千克,46628021
84213200,用于净化或过滤内燃机...,338105,个,975455,千克,27336638
84213910,家用型气体的过滤、净...,2086389,个,5468736,千克,80724963
84213921,工业用静电除尘器,9514,个,585620,千克,1909631
84213922,工业用袋式除尘器,10995,个,4449856,千克,12816478
84213923,工业用旋风式除尘器,6033,个,311513,千克,1450096
84213929,其他工业用除尘器,9779,个,1280412,千克,8237327
84213940,烟气脱硫装置,40722,个,1712090,千克,34745610
84213950,烟气脱硝装置,232,个,420243,千克,1565561
84213990,其他非家用型气体的过...,13138778,个,8585346,千克,89435273
84219110,干衣量≤10公斤的干...,351259,千克,0,—,1847220
84219190,其他离心机（包括离心...,394677,千克,0,—,5374041
84219910,家用型过滤、净化装置...,9598216,千克,0,—,90237041
84219990,品目8421未列名机...,23232925,千克,0,—,219276570
84221100,家用型洗碟机,597335,台,19942731,千克,88163365
84221900,非家用型洗碟机,41624,台,153624,千克,3611045
84222000,瓶子或其他容器的洗涤...,32061,台,283870,千克,5477319
84223010,饮料及液体食品罐装设...,8777,台,1301991,千克,20845646
84223021,全自动水泥灌包机,2,台,3000,千克,153303
84223029,其他水泥灌装机,13,台,30400,千克,167525
84223030,其他灌装机、包装机,477385,台,3646836,千克,59578363
84223090,其他容器装封、贴标签...,939078,台,3169765,千克,43019190
84224000,其他包装或打包机器（...,774011,台,5400123,千克,69533100
84229010,洗碟机零件,1527754,千克,0,—,14935320
84229020,饮料及液体食品罐装设...,216581,千克,0,—,8606094
84229090,品目8422其他机器...,1677016,千克,0,—,22004505
84231000,体重计，包括婴儿秤；...,11063266,台,10168062,千克,69798463
84232010,电子皮带秤,88,台,22879,千克,711986
84232090,其他输送带上连续称货...,579,台,34032,千克,1014267
84233010,定量包装秤,6442,台,218932,千克,4139527
84233020,定量分选秤,277,台,15932,千克,445688
84233030,配料秤,31028,台,208543,千克,1976239
84233090,其他恒定秤、物料定量...,1499,台,46212,千克,811962
84238110,计价秤,181971,台,361598,千克,4127137
84238120,弹簧秤,174392,台,185997,千克,1257994
84238190,未列名衡器，最大称量...,911915,台,798846,千克,16866405
84238210,地中衡,1216,台,156977,千克,742620
84238290,未列名衡器，30kg...,690350,台,2332329,千克,12539534
84238910,地中衡,208,台,1663751,千克,2575694
84238930,吊秤,1336,台,27252,千克,209404
84238990,未列名最大称量＞50...,519,台,663666,千克,1388862
84239000,衡器用的各种砝码、秤...,1866226,千克,2263141,台,17706935
84241000,灭火器，不论是否装药,2468567,个,13672031,千克,27033437
84242000,喷枪及类似器具,19935015,个,7918252,千克,77074350
84243000,喷汽机、喷砂机及类似...,945909,台,9593056,千克,52366987
84244100,便携式农业或园艺用喷...,3042067,台,9571550,千克,37609102
84244900,其他农业或园艺用喷雾...,220730,台,917549,千克,5049640
84248200,农业或园艺用液体或粉...,7546658,台,2861815,千克,16388852
84248910,家用液体或粉末的喷射...,259204833,台,9762011,千克,56962969
84248920,喷涂机器人,163,台,261567,千克,7909576
84248991,船用洗舱机,1100,台,53451,千克,425320
84248999,未列名液体或粉末的喷...,3863058,台,10261627,千克,84960877
84249010,灭火器的零件,4082126,千克,0,—,14477918
84249020,家用液体或粉末喷射、...,3809242,千克,0,—,22683500
84249090,品目8424其他机器...,5112956,千克,0,—,45915954
84251100,电动的滑车及提升机,123867,台,3967426,千克,19693290
84251900,非电动的滑车及提升机,366934,台,4937862,千克,16191307
84253110,电动矿井口卷扬装置；...,52,台,176215,千克,681987
84253190,其他电动的卷扬机及绞...,198910,台,9515256,千克,47310596
84253910,非电动矿井口卷扬装置...,203,台,11708,千克,49835
84253990,其他非电动卷扬机及绞...,251239,台,2116099,千克,9854578
84254100,车库中使用的固定千斤...,250,台,111752,千克,396779
84254210,其他液压千斤顶,1752718,台,22670399,千克,49754281
84254290,提升车辆用的液压提升...,133179,台,23785765,千克,48076095
84254910,未列名千斤顶,1781668,台,10571223,千克,29041447
84254990,其他提升车辆用的提升...,49572,台,1199212,千克,2975482
84261120,通用桥式起重机,447,台,4951816,千克,15149679
84261190,其他固定支架的高架移...,85,台,3115623,千克,8518774
84261200,胶轮移动式吊运架及跨...,14,台,71452,千克,303186
84261910,装船机,5,台,21930,千克,177750
84261921,抓斗式卸船机,5,台,5685202,千克,26728594
84261930,龙门式起重机,191,台,9808788,千克,81330402
84261942,集装箱装卸桥,14,台,24536614,千克,156699466
84261949,未列名装卸桥,20,台,9830,千克,61364
84261990,未列名桥架类起重机和...,1034,台,925079,千克,2374710
84262000,塔式起重机,406,台,24019167,千克,45880778
84263000,门座式起重机及座式旋...,300,台,2209514,千克,13756564
84264110,轮胎式自推进起重机,208,台,11229205,千克,58499679
84264190,带胶轮的其他自推进起...,135,台,8752205,千克,38867368
84264910,履带式起重机,295,台,44463191,千克,90150898
84269100,供装于公路车辆的其他...,423,台,1664585,千克,8493301
84269900,未列名起重机,3709,台,928483,千克,3871342
84271010,电动机推进的有轨巷道...,26,台,254384,千克,2740413
84271020,电动机推进的无轨巷道...,107,台,107635,千克,442825
84271090,其他电动叉车及装有升...,56407,台,80032206,千克,348276407
84272010,集装箱叉车,36,台,963489,千克,4886729
84272090,其他机动叉车其他装有...,16350,台,90978544,千克,312838372
84279000,未列名叉车等装有升降...,159618,台,14815132,千克,39773269
84281010,载客电梯,7195,台,45546351,千克,147849199
84281090,其他升降机及倒卸式起...,2909,台,3470332,千克,11578807
84282000,气压升降机及输送机,1927,台,1295995,千克,14218269
84283100,地下专用的连续运送货...,4,台,3459,千克,1006024
84283200,斗式连续运送货物的升...,1745,台,1451314,千克,8899781
84283300,带式连续运送货物的升...,16011,台,17247036,千克,89578081
84283910,链式连续运送货物或材...,2461,台,3986576,千克,35510973
84283920,辊式连续运送货物或材...,11359,台,6578750,千克,38418194
84283990,未列名连续运送货物的...,26595,台,8018414,千克,56691744
84284000,自动梯及自动人行道,1112,台,9011075,千克,33841942
84286010,货运架空索道,43,台,32859,千克,321792
84286090,其他缆车、座式升降机...,516,台,60284,千克,405349
84287000,工业机器人,2372,台,989374,千克,22835551
84289010,矿车推动机货车倾卸机...,6,台,20947,千克,35704
84289020,机械式停车设备,891,台,1234580,千克,2949302
84289031,堆取料机械,102,台,754083,千克,8311301
84289039,其他装卸机械,212,台,203656,千克,1858755
84289090,未列名升降、搬运机械,251297,台,21545547,千克,153311664
84291110,履带式推土机，P＞2...,75,台,3115020,千克,17138660
84291190,其他履带式推土机,653,台,13601766,千克,57319005
84291910,其他推土机，P＞23...,4,台,89440,千克,226646
84291990,未列名推土机,6,台,124122,千克,408761
84292010,筑路机及平地机，P＞...,11,台,474000,千克,9004464
84292090,其他筑路机及平地机,949,台,11789106,千克,51290826
84293090,其他铲运机,78,台,1033633,千克,13300878
84294011,机重≥18吨的振动压...,214,台,4391586,千克,10626429
84294019,其他机动压路机,2162,台,12532278,千克,51751314
84294090,未列名捣固机械及压路...,318,台,288492,千克,933376
84295100,前铲装载机,11583,台,88463623,千克,309349698
84295211,上部360度旋转的轮...,439,台,5532816,千克,27510690
84295212,上部360度旋转的履...,18885,台,211906464,千克,730929389
84295219,上部360度旋转的其...,54,台,679509,千克,7754252
84295290,上部360度旋转的机...,9,台,267867,千克,1416007
84295900,其他机械铲、挖掘机及...,1027,台,8599128,千克,39495750
84301000,打桩机及拔桩机,987,台,5948182,千克,14326973
84302000,扫雪机及吹雪机,7787,台,397149,千克,2507729
84303110,自推进的采（截）煤机,3,台,108745,千克,2465596
84303120,自推进的凿岩机,184,台,392624,千克,3604512
84303130,自推进的隧道掘进机,24,台,8691010,千克,72898108
84303900,非自推进的采（截）煤...,2597,台,190356,千克,2238611
84304111,自推进石油及天然气钻...,1,台,1266370,千克,8481534
84304119,未列名自推进的石油及...,7,台,3744080,千克,16015087
84304122,履带式自推进的钻机，...,43,台,1062183,千克,5160023
84304129,其他自推进的钻机，钻...,92456,台,7048159,千克,30181964
84304190,自推进的凿井机械,347,台,1319594,千克,4684837
84304900,非自推进的钻探或凿井...,3647,台,23651969,千克,163180472
84305010,其他自推进采油机械,82,台,1104647,千克,1848096
84305020,矿用电铲,2,台,1817066,千克,18313114
84305039,其他采矿钻机,29,台,589100,千克,3856301
84305090,未列名自推进泥土、矿...,371,台,4933815,千克,29890227
84306100,非自推进的捣固或压实...,40556,台,2410438,千克,8685085
84306911,钻筒直径＞3m的非自...,3,台,3240,千克,33258
84306919,其他非自推进工程钻机,4426,台,960652,千克,5944774
84306920,非自推进的铲运机,111,台,78620,千克,287861
84306990,未列名非自推进泥土、...,4643,台,2332343,千克,6516460
84311000,品目8425所列机械...,5927608,千克,0,—,20654856
84312010,品目84.27所列机...,540496,千克,11917,个,1701432
84312090,品目8427所列机械...,73489945,千克,0,—,116654511
84313100,升降机、倒卸式起重机...,49564439,千克,0,—,99351219
84313900,其他8428所列机械...,23069507,千克,0,—,101162353
84314100,戽斗、铲斗、抓斗及夹...,8686761,千克,48897,个,22459545
84314200,推土机或侧铲推土机用...,512415,千克,2496,个,1147069
84314310,石油或天然气钻机的零...,21408185,千克,0,—,125746677
84314320,其他钻探机械的零件,13718009,千克,0,—,40420503
84314390,凿井机械的零件,837021,千克,0,—,2862449
84314920,品目84.26、84...,1884680,千克,88416,个,7138055
84314991,矿用电铲用零件,2370266,千克,0,—,13046973
84314999,品目8426、842...,227800001,千克,0,—,621446721
84321000,犁,8364,台,629034,千克,2002246
84322100,圆盘耙,1301,台,571359,千克,1238495
84322900,其他耙、松土机、中耕...,202304,台,10100411,千克,30825211
84323111,免耕直接谷物播种机,18847,台,348711,千克,1550003
84323119,其他免耕直接播种机,25414,台,537560,千克,3012468
84323121,免耕直接马铃薯种植机,10,台,3288,千克,6080
84323129,其他免耕直接种植机,4099,台,12422,千克,183696
84323131,免耕直接水稻插秧机,334,台,76183,千克,688645
84323139,其他免耕直接移植机（...,768,台,11971,千克,63495
84323911,其他谷物播种机,4083,台,229866,千克,842611
84323919,未列名播种机,43056,台,212177,千克,985140
84323921,其他马铃薯种植机,9,台,6327,千克,37722
84323929,未列名种植机,134,台,2365,千克,18923
84323931,其他水稻插秧机,693,台,237436,千克,2396635
84323939,未列名移植机（栽植机...,10,台,4077,千克,65826
84324100,粪肥施肥机,30,台,37460,千克,157243
84324200,化肥施肥机,8902,台,63492,千克,346149
84328010,草坪及运动场地滚压机,12342,台,125359,千克,288384
84328090,未列名农业、园艺及林...,44967,台,1962193,千克,6463641
84329000,品目8432所列机械...,12005797,千克,0,—,34640072
84331100,割刀水平旋转草坪、公...,1451766,台,27800727,千克,204784339
84331900,其他草坪、公园或运动...,387867,台,6531571,千克,28121719
84332000,其他割草机，包括牵引...,51457,台,1322579,千克,6872491
84333000,其他干草切割、翻晒机...,8488,台,420987,千克,973131
84334000,草料打包机，包括收集...,997,台,759993,千克,3789620
84335100,联合收割机,2103,台,7159919,千克,35519391
84335200,其他脱粒机,9989,台,325561,千克,1092617
84335300,根茎或块茎收获机,244,台,47813,千克,180214
84335910,甘蔗收获机,10,台,35560,千克,269838
84335920,棉花采摘机,3,台,67410,千克,258754
84335990,未列名收割机,8607,台,267370,千克,2174281
84336010,蛋类清洁、分选、分级...,16,台,14431,千克,546076
84336090,水果或其他农产品的清...,1031,台,206724,千克,2610566
84339010,联合收割机的零件,4467865,千克,0,—,15351431
84339090,其他品目8433所列...,10277615,千克,0,—,48290698
84341000,挤奶机,3057,台,45017,千克,271745
84342000,乳品加工机器,10965,台,60580,千克,1120013
84349000,挤奶机及乳品加工机器...,174891,千克,0,—,2995209
84351000,制酒、制果汁或制饮料...,200660,台,516531,千克,5692532
84359000,84351000所列...,33152,千克,0,—,744307
84361000,动物饲料配制机,8278,台,1186655,千克,8505554
84362100,家禽孵卵器及育雏器,153533,台,984037,千克,7225375
84362900,家禽饲养机器,98223,台,5549246,千克,17047028
84368000,其他农、林业机器,139933,台,2839827,千克,14326305
84369100,家禽饲养、孵卵及育雏...,1657341,千克,0,—,5276612
84369900,品目8436所列其他...,2507654,千克,0,—,12549155
84371010,光学色差颗粒选别机（...,1130,台,964829,千克,13108521
84371090,其他种子、谷物或干豆...,2770,台,999834,千克,4804656
84378000,谷物磨粉业加工机器或...,36939,台,4744488,千克,23747269
84379000,品目8437所列机械...,1779238,千克,0,—,6850692
84381000,糕点加工及生产通心粉...,49704,台,2479311,千克,24700247
84382000,生产糖果、可可粉、巧...,13028,台,344722,千克,4919223
84383000,制糖机器,5113,台,1353189,千克,4353390
84384000,酿酒机器,1959,台,579817,千克,6952979
84385000,肉类或家禽加工机器,277925,台,1787152,千克,20406887
84386000,水果、坚果或蔬菜加工...,56114,台,588997,千克,7014290
84388000,其他食品、饮料工业用...,160240,台,3848782,千克,37391119
84389000,品目8438所列机械...,2297437,千克,0,—,16801099
84391000,制造纤维素纸浆的机器,15726,台,1722889,千克,18458362
84392000,纸或纸板的制造机器,22,台,427717,千克,1592394
84393000,纸或纸板的整理机器,2130,台,3466191,千克,26518154
84399100,制造纤维素纸浆机器的...,3168994,千克,0,—,26800773
84399900,制造或整理纸及纸板机...,6163769,千克,0,—,29278333
84401010,锁线装订机,1999,台,24564,千克,295264
84401020,胶订机,22894,台,97203,千克,2078204
84401090,其他书本装订机器,29778,台,242158,千克,2844797
84409000,书本装订机器的零件,6859,千克,0,—,164265
84411000,切纸机,198401,台,3351151,千克,31519132
84412000,制造包、袋或信封的机...,964,台,890045,千克,10217160
84413010,纸塑铝复合罐生产设备,10,台,335,千克,8830
84413090,其他制造箱、盒、管、...,2049,台,4617678,千克,34479973
84414000,纸浆、纸或纸板制品模...,8279,台,1516991,千克,10500705
84418010,纸塑铝复合软包装生产...,76,台,103838,千克,1044740
84418090,其他制造纸浆制品、纸...,2166,台,3961671,千克,29085668
84419010,切纸机零件,330439,千克,0,—,3211759
84419090,其他制造（纸浆、纸或...,934206,千克,0,—,12551472
84423010,铸字机,69,台,2890,千克,13171
84423021,计算机直接制版设备,114,台,121660,千克,3877972
84423029,其他制版机器、器具及...,251,台,84397,千克,1136789
84423090,品目8442其他的机...,179,台,72328,千克,502948
84424000,子目8442.30所...,14908,千克,0,—,666170
84425000,印刷用版（片）、滚筒...,407979,千克,0,—,9623149
84431100,卷取进料式胶印机,392,台,34573,千克,604713
84431311,平张纸进料式单色胶印...,8,台,75960,千克,488299
84431312,平张纸进料式双色胶印...,43,台,142410,千克,2571188
84431313,平张纸进料式四色胶印...,24,台,317905,千克,4005855
84431319,其他平张纸进料式胶印...,27313,台,281124,千克,6361325
84431390,未列名胶印机,32,台,206540,千克,2278108
84431400,卷取进料式凸版印刷机...,473,台,343438,千克,2288084
84431500,非卷取进料式的凸版印...,15,台,163011,千克,1545578
84431600,苯胺印刷机,101,台,933267,千克,7976922
84431700,凹版印刷机,76,台,579489,千克,4161182
84431921,圆网印刷机,89,台,78323,千克,879728
84431922,平网印刷机,2829,台,568969,千克,6474687
84431929,其他网式印刷机,3745,台,169983,千克,1962508
84431980,未列名印刷机,6319,台,701630,千克,7472411
84433110,有打复印及传真两种及...,450613,台,14112572,千克,253373237
84433190,其他具有打复印及传真...,734458,台,3929395,千克,56032722
84433211,专用于品目8471所...,37214,台,147565,千克,4783696
84433212,专用于品目8471所...,271060,台,2407907,千克,42896472
84433213,专用于品目8471所...,158575,台,960307,千克,22753365
84433214,专用于品目84.71...,1502802,台,1586126,千克,59576132
84433219,其他专用于品目847...,247440,台,609736,千克,20708833
84433221,数字式喷墨印刷机，可...,35205,台,2828189,千克,69540362
84433222,数字式静电照相印刷机...,5281,台,129839,千克,2659214
84433229,其他数字式印刷设备，...,159562,台,200867,千克,6540818
84433290,其他单一功能印刷、复...,427796,台,1224083,千克,34380120
84433911,将原件直接复印的静电...,295,台,4912,千克,15259
84433912,将原件通过中间体转印...,44,台,4985,千克,32906
84433921,带有光学系统的其他感...,3,台,166,千克,29845
84433923,热敏复印设备,1786,台,9938,千克,227632
84433924,热升华复印设备,3345,台,58577,千克,653842
84433931,数字式喷墨印刷机,6583,台,45849,千克,2261856
84433932,数字式静电照相印刷机...,4,台,277,千克,24308
84433939,其他数字式印刷设备,533,台,10833,千克,135275
84433990,其他印刷（打印）机、...,251613,台,1569189,千克,19540606
84439111,卷筒料给料机,14375,千克,12,台,309615
84439119,其他印刷用辅助机器,376679,千克,7974,台,3748876
84439190,用8442所列印版等...,371095,千克,673060,个,7695264
84439910,数字印刷设备用辅助机...,45097,千克,1207,台,1029473
84439921,数字印刷设备用热敏打...,34452,千克,1905842,个,12948034
84439929,数字印刷设备的其他零...,489243,千克,0,—,25172885
84439990,品目8443所列设备...,26575992,千克,0,—,433437845
84440010,合成纤维长丝纺丝机,11,台,284756,千克,2225621
84440020,合成纤维短丝纺丝机,1004,台,579107,千克,2427600
84440040,化学纤维变形机,24,台,1177528,千克,15426592
84440050,化学纤维切断机,297,台,29810,千克,365604
84440090,其他纺织化纤挤压、拉...,1873,台,1182917,千克,4667300
84451111,清梳棉联合机,15,台,128196,千克,355619
84451112,自动抓棉机,15,台,52939,千克,374171
84451113,梳棉机,153,台,834210,千克,6035733
84451119,其他棉纤维型梳理机,18,台,31398,千克,275968
84451120,毛纤维型梳理机,3,台,300,千克,7332
84451190,其他梳理机,113,台,343519,千克,882523
84451210,棉精梳机,39,台,144510,千克,1934772
84451220,毛精梳机,1,台,12490,千克,16893
84451310,拉伸机,30,台,89445,千克,1012608
84451321,棉纺粗纱机,19,台,189755,千克,770990
84451322,毛纺粗纱机,5,台,31500,千克,120475
84451900,纺织纤维的其他预处理...,531,台,1150939,千克,7821234
84452031,转杯纺纱机,41,台,837428,千克,6486262
84452032,喷气纺纱机,2,台,39110,千克,299910
84452041,棉细纱机,21,台,511970,千克,2473447
84452049,其他环锭细纱机,36,台,466274,千克,792016
84452090,其他纺纱机,43,台,63492,千克,567962
84453000,并线机或加捻机,410,台,715300,千克,5520669
84454010,自动络筒机,207,台,274307,千克,3219133
84454090,其他络纱机或摇纱机,1558,台,128437,千克,1285661
84459010,整经机,87,台,267229,千克,1998687
84459020,浆纱机,1,台,23174,千克,241220
84459090,未列名纺织纱线的其他...,366,台,221178,千克,2479736
84461000,织物宽度≤30cm的...,4559,台,246324,千克,3103625
84462190,织物宽度＞30cm的...,177,台,398092,千克,2419110
84463020,织物宽度＞30cm的...,754,台,2428853,千克,10999279
84463030,织物宽度＞30cm的...,14,台,33900,千克,186323
84463040,织物宽度＞30cm的...,1043,台,2926446,千克,9276609
84463050,织物宽度＞30cm的...,432,台,1419849,千克,7964138
84463090,织物宽度＞30cm的...,179,台,423068,千克,980043
84471100,圆筒直径≤165mm...,1604,台,516713,千克,7564428
84471200,圆筒直径＞165mm...,772,台,2040910,千克,13310721
84472011,特里科经编机,11,台,102717,千克,695943
84472012,拉舍尔经编机,28,台,343270,千克,4902869
84472019,其他经编机,1446,台,226056,千克,2476679
84472020,平型纬编机,3091,台,2326334,千克,19386077
84472030,缝编机,2162,台,293606,千克,2324380
84479011,簇绒地毯织机,1211,台,19154,千克,187212
84479019,其他簇绒机,114,台,110910,千克,633856
84479020,绣花机,5671,台,7267901,千克,36274938
84479090,未列名织造花线、网眼...,3288,台,839610,千克,6116983
84481100,多臂机或提花机及其卡...,652755,千克,0,—,4975113
84481900,品目8444、844...,543289,千克,0,—,3964571
84482020,喷丝头或喷丝板,5623,个,18544,千克,491958
84482090,品目8444机器及其...,368721,千克,0,—,3960176
84483100,钢丝针布,299283,千克,0,—,2806912
84483200,纺织纤维预处理机器的...,185080,千克,0,—,1801081
84483310,络筒绽,460,个,2935,千克,16298
84483390,其他锭子、锭壳、纺丝...,59616,千克,0,—,1814204
84483910,气流杯,10000,个,268,千克,10000
84483930,空气捻接器,28,个,44,千克,9908
84483940,环锭细纱机紧密纺装置,5739,个,40702,千克,415077
84483990,品目8445的机器及...,1100116,千克,0,—,11759250
84484200,织机用筘、综丝及综框,154011,千克,0,—,1543164
84484910,接、投梭箱,6220,个,651,千克,3813
84484920,引纬、送经装置,631800,个,45934,千克,644214
84484930,梭子,19346,个,4078,千克,129309
84484990,织机及其辅助机器的未...,1350183,千克,0,—,13983795
84485120,针织机用28号针以下...,8495,千克,0,—,240798
84485190,沉降片、未列名织针及...,55247,千克,0,—,4664263
84485900,品目8447机器及其...,519834,千克,0,—,8329053
84490010,针刺机,3492894,台,463529,千克,2080723
84490020,水刺设备,7,台,15,千克,5210
84490090,其他毡呢或无纺织物制...,1488065,千克,0,—,10186783
84501110,波轮式全自动洗衣机，...,723988,台,17912484,千克,71485215
84501120,滚筒式全自动洗衣机，...,1421417,台,84268296,千克,229739840
84501190,其他全自动洗衣机，干...,7335,台,17337,千克,292260
84501200,其他有离心甩干机的洗...,467811,台,8911469,千克,24211866
84501900,其他洗衣机，干衣量≤...,150447,台,782850,千克,4624569
84502011,干衣量超过10千克的...,183631,台,8923762,千克,28671670
84502012,干衣量超过10千克的...,356412,台,27601268,千克,107867165
84502019,其他干衣量超过10千...,154,台,104124,千克,1965642
84502090,干衣量超过10千克的...,252865,台,7468086,千克,19693405
84509010,干衣量≤10kg的洗...,9157412,千克,0,—,48733114
84509090,干衣量＞10kg的洗...,1174882,千克,0,—,7582036
84511000,干洗机,2509,台,28257,千克,173911
84512100,干衣量≤10kg的干...,325829,台,10051465,千克,47174476
84512900,干衣量＞10kg的干...,34648,台,1915844,千克,9132079
84513000,熨烫机及挤压机（包括...,81365,台,1171553,千克,10547428
84514000,洗涤、漂白或染色机器,16707,台,1473162,千克,15392919
84515000,纺织物卷绕、退绕、折...,29243,台,1637542,千克,20272801
84518000,纱、织物等整、涂机器...,17307,台,3563730,千克,19101673
84519000,品目8451所列机器...,1156806,千克,0,—,9950186
84521010,多功能家用型缝纫机,305770,台,1106838,千克,15272474
84521091,手动式其他家用型缝纫...,291024,台,808925,千克,5701594
84521099,其他家用型缝纫机,220396,台,524020,千克,4934537
84522110,非家用型自动平缝机,84082,台,4316598,千克,23404731
84522120,非家用型自动包缝机,21052,台,872387,千克,6244054
84522130,非家用型自动绷缝机,5069,台,316307,千克,2981584
84522190,其他非家用型自动缝纫...,117367,台,6211712,千克,51252539
84522900,其他非家用型缝纫机,81951,台,3447144,千克,24291613
84523000,缝纫机针,61147,千克,0,—,1454242
84529011,家用型缝纫机旋梭,5039,千克,0,—,229558
84529019,家用缝纫机专用的特制...,941885,千克,0,—,6496095
84529091,非家用型缝纫机的旋梭,9045,千克,0,—,554246
84529092,非家用型缝纫机专用的...,1654121,千克,0,—,2703954
84529099,其他非家用型缝纫机未...,2756195,千克,0,—,19186233
84531000,生皮、皮革的处理、鞣...,1595,台,882411,千克,6429312
84532000,鞋靴制作或修理机器,13107,台,2301307,千克,27884096
84538000,毛皮及其他皮革制品的...,892,台,154488,千克,1118433
84539000,品目8453所列机器...,404992,千克,0,—,4736176
84541000,转炉,85,台,642085,千克,1950687
84542010,炉外精炼设备,62,台,227248,千克,3887943
84542090,其他锭模及浇包,1570,台,1637083,千克,3371164
84543010,冷室压铸机,46,台,960565,千克,5449269
84543021,方坯连铸机,3,台,350711,千克,1864808
84543029,其他钢坯连铸机,22,台,22849,千克,61931
84543090,其他铸造机,268,台,1282835,千克,8498219
84549010,炉外精炼设备的零件,453023,千克,0,—,3403901
84549021,钢坯连铸机用结晶器,92735,千克,0,—,1515817
84549022,钢坯连铸机用振动装置,28465,千克,0,—,281012
84549029,其他钢坯连铸机用零件,1454413,千克,0,—,14221048
84549090,其他转炉、浇包、锭模...,5693543,千克,0,—,24823288
84551010,热轧管机,2,台,9254,千克,34785
84551020,冷轧管机,42,台,489331,千克,3228671
84551030,定、减径轧管机,14,台,19643,千克,156102
84551090,其他金属管轧机,128,台,36020,千克,89533
84552110,板材热轧机,57,台,1731234,千克,5533681
84552120,型钢轧机,25,台,260670,千克,468975
84552130,线材轧机,139,台,1127948,千克,4257464
84552190,其他金属热轧机或冷热...,26,台,1224273,千克,12092020
84552210,板材冷轧机,562,台,3361684,千克,14344882
84552290,其他金属冷轧机,226,台,981982,千克,5326551
84553000,金属轧机用轧辊,21953,个,17595457,千克,51768700
84559000,其他金属轧机零件,16733739,千克,0,—,81958184
84561100,用激光处理各种材料的...,47327,台,13594165,千克,166962037
84561200,用其他光或光子束处理...,17,台,35514,千克,324732
84562000,用超声波处理材料的加...,3831,台,28635,千克,680786
84563010,数控的用放电处理各种...,546,台,1088575,千克,10805426
84563090,其他用放电处理各种材...,128,台,128674,千克,936202
84564010,等离子切割机,21878,台,577065,千克,7478976
84564090,其他用等离子弧处理各...,18,台,18160,千克,235511
84565000,水射流切割机,65,台,253795,千克,2657153
84569000,用电化学法、电子束或...,3292,台,67917,千克,871702
84571010,立式加工中心,920,台,5073683,千克,43825113
84571020,卧式加工中心,58,台,851460,千克,6629130
84571030,龙门式加工中心,57,台,966572,千克,5378787
84571091,铣车复合加工中心,8,台,117950,千克,1576173
84571099,未列名加工中心,67,台,255052,千克,2104063
84572000,单工位组合机床,308,台,41082,千克,326709
84573000,多工位组合机床,875,台,289278,千克,2943316
84581100,数控卧式车床,1002,台,3212200,千克,35095038
84581900,其他卧式车床,2184,台,2476783,千克,11498107
84589110,数控立式车床,99,台,943411,千克,13437107
84589120,其他数控车床,131,台,344412,千克,3543149
84589900,其他车床,3058,台,795455,千克,5135525
84591000,直线移动式动力头机床,639,台,43513,千克,138640
84592100,数控钻床,142,台,438357,千克,3421742
84592900,其他钻床,42075,台,1922166,千克,9073247
84593100,数控镗铣床,80,台,487477,千克,4190469
84593900,其他镗铣床,96,台,181782,千克,953311
84594100,数控镗床,26,台,518828,千克,4532277
84594900,其他镗床,146,台,41274,千克,531254
84595100,升降台式数控铣床,63,台,57581,千克,281736
84595900,其他升降台式铣床,640,台,517538,千克,2715740
84596110,龙门数控铣床,43,台,202620,千克,1581735
84596190,未列名数控铣床,459,台,542984,千克,4859590
84596910,龙门铣床,9,台,992,千克,17806
84596990,未列名铣床,5170,台,690609,千克,4108087
84597000,其他攻丝机床,4326,台,283280,千克,2885932
84601210,数控平面磨床，在任一...,821,台,32171,千克,220515
84601290,其他数控平面磨床,8,台,36585,千克,202299
84601910,其他平面磨床，在任一...,110,台,235813,千克,1375335
84601990,未列名平面磨床,75,台,144952,千克,1005267
84602210,数控无心磨床，在任一...,3,台,8000,千克,299468
84602311,数控曲轴磨床，在任一...,1,台,5050,千克,147813
84602319,其他数控外圆磨床，在...,20,台,143750,千克,1998402
84602390,其他数控外圆磨床,1,台,2950,千克,155267
84602411,数控内圆磨床，在任一...,2,台,12700,千克,249059
84602419,其他数控磨床，在任一...,18,台,109258,千克,4501991
84602490,其他数控磨床,17,台,101262,千克,1730526
84602911,其他外圆磨床，在任一...,21,台,62767,千克,871654
84602912,其他内圆磨床，在任一...,7,台,6642,千克,79330
84602919,未列名磨床，在任一坐...,4,台,7822,千克,142345
84602990,本品目其他编码未列名...,122,台,77075,千克,1209918
84603100,数控刃磨机床,175,台,133560,千克,3436963
84603900,其他刃磨机床,20667,台,304578,千克,2038883
84604010,金属珩磨机床,26,台,41095,千克,588703
84604020,金属研磨机床,1827,台,309316,千克,3741901
84609010,砂轮机,128227,台,1131377,千克,4217265
84609020,抛光机床,11095,台,818058,千克,6358762
84609090,未列名用磨石、磨料等...,9944,台,338350,千克,3086007
84612010,牛头刨床,9,台,22600,千克,70868
84612020,插床,19,台,44966,千克,116609
84613000,拉床,26,台,23429,千克,131186
84614011,数控齿轮磨床,11,台,151828,千克,3444587
84614019,数控切齿机或数控齿轮...,45,台,270895,千克,4766298
84614090,其他切齿机、齿轮磨床...,675,台,89016,千克,854251
84615000,锯床或切断机,121897,台,4603371,千克,27385989
84619019,其他刨床,9,台,41659,千克,373608
84619090,未列名的金属切削机床,4861,台,371669,千克,5798534
84621110,数控闭式锻造机（模锻...,31,台,451382,千克,1689533
84621190,其他闭式锻造机（模锻...,84,台,522245,千克,1595760
84621910,其他数控热锻设备，热...,8,台,219635,千克,1024682
84621990,未列名热锻设备，热模...,343,台,158401,千克,701799
84622210,板材用数控型材成型机,130,台,929416,千克,4296681
84622290,板材用其他型材成型机,43,台,64544,千克,461072
84622300,板材用数控折弯机,679,台,5592854,千克,20697150
84622400,板材用数控多边折弯机,29,台,252915,千克,1712416
84622500,板材用数控卷板机,14,台,144701,千克,735726
84622610,板材用其他数控矫直机...,121,台,126494,千克,756635
84622690,板材用其他数控弯曲、...,495,台,937302,千克,5796141
84622910,板材用其他矫直机床,734,台,800837,千克,4935661
84622990,板材用其他弯曲、折叠...,28963,台,4707977,千克,16475359
84623210,板材用数控纵剪线和定...,64,台,1327762,千克,4961934
84623290,板材用其他纵剪线和定...,4426,台,260628,千克,1217072
84623300,板材用其他数控剪切机...,185,台,1088813,千克,3982507
84623900,未列名板材用剪切机床,2359,台,1645393,千克,4305824
84624211,板材用自动模式数控步...,34,台,290701,千克,1585515
84624212,板材用其他数控冲床,120,台,1424880,千克,8381894
84624290,板材用其他数控冲孔、...,125,台,134456,千克,879449
84624900,板材用其他冲孔、开槽...,4878,台,1996238,千克,9263575
84625100,数控金属管道、管材、...,141,台,402711,千克,3385764
84625900,其他金属管道、管材、...,3548,台,393749,千克,2943438
84626110,数控液压压力机,102,台,1934683,千克,7097292
84626190,其他液压压力机,17705,台,3869020,千克,17187207
84626210,数控机械压力机,93,台,1139147,千克,5965012
84626290,其他机械压力机,1618,台,2814554,千克,8925669
84626300,伺服压力机,18,台,151300,千克,727929
84626910,数控的其他金属冷加工...,179,台,143755,千克,520089
84626990,其他金属冷加工压力机,3617,台,511938,千克,1675079
84629010,未列名加工金属或硬质...,133,台,832710,千克,3830846
84629090,未列名加工金属或硬质...,1774,台,1845914,千克,5389631
84631011,拉拔力≤300吨的冷...,12,台,101739,千克,456695
84631020,拔丝机,193,台,886958,千克,8125099
84631090,其他金属杆、管、型材...,38,台,441908,千克,2460848
84632000,金属螺纹滚轧机,615,台,317400,千克,2314302
84633000,金属丝加工机,8616,台,1589777,千克,13755072
84639000,未列名的金属非切削加...,9658,台,1257510,千克,7562980
84641010,石料等矿物材料及玻璃...,7504,台,973404,千克,3387939
84641020,石料等矿物材料及玻璃...,87,台,55742,千克,469865
84641090,其他石料等矿物材料及...,18080,台,1459453,千克,6714315
84642010,玻璃冷加工研磨或抛光...,5884,台,677662,千克,8365326
84642090,石料等矿物材料的研磨...,5613,台,2304424,千克,8395722
84649011,玻璃切割机,2394,台,220680,千克,1729157
84649012,玻璃刻花机,549,台,106251,千克,1191340
84649019,其他玻璃冷加工机床,321,台,489159,千克,4222738
84649090,石料等矿物材料加工的...,84847,台,1646478,千克,9159122
84651000,不需更换工具即可进行...,3829,台,421553,千克,1850413
84652010,以刨、铣、钻孔、研磨...,381,台,293069,千克,1843255
84652090,其他加工中心,24,台,87953,千克,751489
84659100,木材、软木、骨、硬质...,287615,台,8663004,千克,46005614
84659200,木材、软木等硬质材料...,35086,台,2833575,千克,16575804
84659300,木材、软木等硬质材料...,46142,台,1481810,千克,9090551
84659400,木材、软木、骨等硬质...,1646,台,1290936,千克,13590094
84659500,木材、软木、骨等硬质...,18767,台,1870769,千克,15609493
84659600,木材、软木等硬质材料...,64853,台,6842706,千克,22506809
84659900,木材、软木、骨等硬质...,37413,台,8243959,千克,48155341
84661000,工具夹具及自启板牙切...,927837,千克,0,—,14595767
84662000,工件夹具,1009600,千克,0,—,14325091
84663000,分度头及其他专用于机...,218010,千克,0,—,2013389
84669100,品目84.64所列机...,1033593,千克,0,—,6428223
84669200,品目84.65所列机...,3966719,千克,0,—,20806323
84669310,刀库及自动换刀装置,79741,千克,0,—,1113432
84669390,品目84.56至84...,17409467,千克,0,—,58631019
84669400,品目8462或846...,5011218,千克,0,—,30483672
84671100,旋转式（包括旋转冲击...,646384,台,897067,千克,32091849
84671900,其他手提式风动工具,662940,台,1377261,千克,13752527
84672100,手提式各种电钻,5763511,台,14622248,千克,163700328
84672210,电动手提式链锯,982354,台,3666355,千克,44405804
84672290,其他手提式电锯,2482410,台,8206233,千克,92798283
84672910,手提电动砂磨工具（包...,5388229,台,12504181,千克,116733940
84672920,手提式电刨,214553,台,597194,千克,5435467
84672990,其他手提式电动工具,8903462,台,26570040,千克,329233579
84678100,装有非电力动力装置的...,639161,台,3552515,千克,38310445
84678900,其他液压及非电力动力...,1140770,台,8049436,千克,60617635
84679110,电动手提式链锯用的零...,608867,千克,0,—,3733990
84679190,其他手提式链锯用的零...,453212,千克,0,—,3440203
84679200,手提式风动工具用的零...,790675,千克,0,—,8116345
84679910,品目8467所列其他...,7878357,千克,0,—,110380783
84679990,品目8467所列其他...,1811716,千克,0,—,12918282
84681000,手提喷焊器,809855,台,386665,千克,3934041
84682000,其他气体焊接或表面回...,24497,台,164045,千克,2089901
84688000,未列名焊接机器及装置,43293,台,1216981,千克,20428270
84689000,品目8468所列机器...,731115,千克,0,—,11649563
84701000,不需外接电源的电子计...,10792487,台,1666925,千克,23175086
84702100,装有打印装置的电子计...,80533,台,62071,千克,1501101
84702900,其他电子计算器,1265899,台,246763,千克,5863792
84703000,其他计算机器,8139,台,1554,千克,118906
84705010,销售点终端出纳机,1439933,台,1185830,千克,134827854
84705090,其他现金出纳机,450157,台,340179,千克,28566019
84709000,装有计算装置的邮资盖...,22680,台,154280,千克,6753577
84713010,平板电脑,7597965,台,5666386,千克,1542904932
84713090,其他重量不超过10千...,13239353,台,29166729,千克,7112318491
84714110,巨型、大型及中型自动...,4,台,667,千克,144256
84714120,小型自动数据处理机,120301,台,37442,千克,5610171
84714140,微型自动数据处理机,541118,台,3441741,千克,280690012
84714190,未列名自动数据处理设...,96175,台,1367742,千克,38591021
84714910,系统形式的巨型机、大...,38,台,657,千克,22034
84714920,系统形式的小型机,122,台,1801,千克,802282
84714940,系统形式的微型机,347968,台,3143472,千克,197202716
84714991,系统形式的分散型工业...,1901,台,319722,千克,27486698
84714999,其他系统形式的自动数...,923,台,78300,千克,20961967
84715010,巨型机、大型机及中型...,8,台,30327,千克,12203154
84715020,小型机的处理部件,3158,台,102357,千克,70703079
84715040,微型机的处理部件,3197130,台,9609966,千克,1668280069
84715090,其他处理部件,136620,台,166170,千克,49444278
84716040,巨型机、大型机、中型...,94428,台,28263,千克,1917463
84716050,扫描仪,357984,台,450937,千克,22976112
84716060,数字化仪,18276,台,43534,千克,2582381
84716071,键盘,17109481,个,9035176,千克,257811277
84716072,鼠标器,17364484,个,2137385,千克,119221909
84716090,其他输入或输出部件,6469210,台,1036482,千克,80702218
84717011,固态硬盘(SSD),12691787,台,367421,千克,857651463
84717019,硬盘驱动器（固态硬盘...,4716179,台,2099569,千克,349089064
84717020,软盘驱动器,7972,台,1702,千克,242236
84717030,光盘驱动器,1413723,台,312223,千克,20154677
84717090,其他存储部件,1148305,台,335000,千克,95155631
84718000,自动数据处理设备的其...,9428067,台,3949739,千克,842212780
84719000,其他磁性或光学阅读机...,3079558,台,555489,千克,64448412
84721000,胶版复印机、油印机,56748,台,28196,千克,1265074
84723010,邮政信件分拣及封装设...,5,台,760,千克,10316
84723090,信件折迭机、信件开封...,385,台,8208,千克,156189
84729010,自动柜员机,3033,台,1436054,千克,20399846
84729021,打洞机,2690091,台,707071,千克,3963449
84729022,订书机,9276457,台,1388962,千克,9588544
84729029,其他装订用机器,253756,台,214817,千克,1741139
84729030,碎纸机,610084,台,3034180,千克,16755976
84729040,地址印写机及地址铭牌...,11251,台,57841,千克,521109
84729060,打字机，但品目84....,2908,台,15900,千克,236873
84729090,未列名办公室用机器,3476153,台,2594341,千克,56369633
84732100,电子计算器的零件、附...,92901,千克,0,—,1707332
84732900,品目8470所列其他...,1754710,千克,0,—,49958026
84733010,大、中、小型计算机及...,3368433,千克,0,—,122912060
84733090,品目8471所列其他...,41504226,千克,0,—,2476399736
84734010,自动柜员机用出钞器和...,59403,千克,0,—,2392183
84734020,编码8472.905...,2066,千克,0,—,39708
84734090,品目8472所列机器...,3876012,千克,0,—,33591730
84735000,同样适用于品目84....,414132,千克,0,—,7399922
84741000,固体矿物质的分类、筛...,19951,台,12892684,千克,55245753
84742010,齿辊式固体矿物质的破...,4516,台,1163342,千克,3555240
84742020,球磨式固体矿物质的破...,311,台,9060135,千克,57546101
84742090,其他固体矿物质的破碎...,7028,台,15975893,千克,57754415
84743100,混凝土或砂浆混合机器,115311,台,10275674,千克,27517441
84743200,矿物与沥青的混合机器,63,台,3548825,千克,10689252
84743900,固体矿物质的其他混合...,149915,台,2101926,千克,9834040
84748010,固体矿物质辊压成型机,176,台,287229,千克,1125953
84748020,固体矿物质模压成型机,1803,台,3931254,千克,14960323
84748090,其他固体矿物燃料、陶...,13735,台,7414807,千克,23426715
84749000,品目8474所列机器...,51188272,千克,0,—,175184282
84751000,灯泡、灯管、电子管及...,40,台,5090,千克,163193
84752912,玻璃纤维拉丝机（光纤...,8,台,18077,千克,290860
84752919,其他玻璃热加工机器,257,台,1646104,千克,9609822
84752990,未列名玻璃或玻璃制品...,251,台,564353,千克,4931829
84759000,品目8475所列机器...,335010,千克,0,—,17996560
84762100,装有加热或制冷装置的...,147287,台,1075488,千克,11960366
84762900,其他饮料自动销售机,488,台,4982,千克,113250
84768100,装有加热或制冷装置的...,3139,台,818040,千克,6090221
84768900,无加热或制冷装置的其...,21545,台,316479,千克,4584225
84769000,自动售货机及钱币兑换...,632284,千克,0,—,13084599
84771010,注塑机,3149,台,32896624,千克,147465460
84771090,其他注射机,835,台,1039641,千克,9974713
84772010,塑料造粒机,1534,台,1629290,千克,14094864
84772090,其他挤出机,1000,台,4608273,千克,37793533
84773010,挤出吹塑机,201,台,1230936,千克,9244056
84773020,注射吹塑机,24,台,181381,千克,1879244
84773090,其他吹塑机,455,台,1181335,千克,10276761
84774010,塑料中空成型机,1568,台,924963,千克,6339934
84774020,塑料压延成型机,275,台,629514,千克,4784879
84774090,其他真空模塑机及其他...,2432,台,2226349,千克,16109435
84775100,充气轮胎模塑或翻新及...,162,台,1048376,千克,10843360
84775900,其他模塑或成型机器,1594,台,2128176,千克,14837264
84778000,其他橡胶或塑料及其产...,149713,台,19234431,千克,145138088
84779000,品目8477所列机器...,15904473,千克,0,—,97141240
84781000,烟草加工及制作机器,13112,台,32546,千克,785959
84789000,烟草加工及制作机器的...,1803,千克,0,—,282384
84791021,沥青混凝土摊铺机,155,台,2183007,千克,17648785
84791022,稳定土摊铺机,5,台,109346,千克,595657
84791029,其他摊铺机,57,台,164647,千克,848953
84791090,其他公共工程用机器,63348,台,3639473,千克,23983701
84792000,提取、加工动物油脂、...,5550,台,2763307,千克,13788057
84793000,木碎料或木纤维板挤压...,1544,台,2289665,千克,7312767
84794000,绳或缆的制造机器,7628,台,1995896,千克,17964929
84795011,协作机器人,844,台,119791,千克,7144053
84795019,其他多功能工业机器人,1218,台,600155,千克,18476211
84795090,未列名工业机器人,3628,台,396660,千克,9246889
84796000,蒸发式空气冷却器,924883,台,10598483,千克,52501467
84797100,机场用旅客登机桥,16,台,654990,千克,5292809
84797900,其他旅客登机（船）桥,3,台,29394,千克,528177
84798110,线圈绕线机,5305,台,428863,千克,7399054
84798190,未列名处理金属的机械,15725,台,4547976,千克,47202506
84798200,搅混、轧碎、研磨、筛...,156826,台,9434006,千克,87990929
84798310,处理金属的冷等静压机,113,台,36615,千克,1139875
84798390,其他冷等静压机,2,台,4230,千克,90802
84798910,船舶用舵机及陀螺稳定...,35307,台,52352,千克,1660537
84798920,空气增湿器及减湿器,929647,台,2171307,千克,33844270
84798940,邮政用包裹、印刷品分...,297,台,239290,千克,4927961
84798961,自动插件机,36,台,41268,千克,1568419
84798962,自动贴片机,755,台,789393,千克,29814776
84798969,其他在印刷电路电路板...,39450,台,53440,千克,1689507
84798992,自动化立体仓储设备,286,台,1421607,千克,11641143
84798999,未列名具有独立功能的...,37962026,台,54496114,千克,634303596
84799010,船舶用舵机及陀螺稳定...,103802,千克,0,—,1065115
84799020,空气增湿器及减湿器用...,347514,千克,0,—,2758244
84799090,品目8479所列其他...,51602329,千克,0,—,183871641
84801000,金属铸造用型箱,680796,千克,0,—,2406867
84802000,型模底板,2157254,千克,0,—,8478898
84803000,阳模,114810,千克,0,—,1123400
84804110,金属、硬质合金用压铸...,1511628,千克,0,—,18265059
84804120,粉末冶金用压模,13775,千克,0,—,538988
84804190,其他金属、硬质合金用...,1280644,千克,0,—,15566434
84804900,金属、硬质合金用其他...,1500361,千克,0,—,12452867
84805000,玻璃用型模,183027,套,741663,千克,13517258
84806000,矿物材料用型模,123234,套,5118771,千克,13916392
84807110,硫化轮胎用囊式型模,3151199,套,2743487,千克,32698084
84807190,其他塑料或橡胶用注模...,4337415,套,21881671,千克,318408054
84807900,塑料或橡胶用其他型模,840245,套,2682673,千克,46821925
84811000,减压阀,6323481,套,1800506,千克,28886389
84812010,油压传动阀,875807,套,964887,千克,21269246
84812020,气压传动阀,1126149,套,470315,千克,14692724
84813000,止回阀,177844643,套,4584538,千克,46269626
84814000,安全阀或溢流阀,11361327,套,1088724,千克,30090534
84818021,电磁式换向阀,7568707,套,1651526,千克,33728357
84818029,其他换向阀,468461,套,276582,千克,5365636
84818031,电子膨胀阀,2275418,套,240927,千克,9846582
84818039,其他流量阀,5434683,套,2301920,千克,46208624
84818040,其他阀门,148965403,套,58622024,千克,522168365
84818090,龙头、旋塞及类似装置,46757360,套,26948001,千克,355506230
84819010,阀门零件,24790501,千克,0,—,231972266
84819090,龙头、旋塞及类似装置...,8724191,千克,0,—,115153363
84821010,调心球滚珠轴承,1482597,套,590095,千克,5270139
84821020,深沟球滚珠轴承,325079035,套,21838436,千克,154688826
84821030,角接触滚珠轴承,4938207,套,3235925,千克,23811469
84821040,推力球滚珠轴承,2855073,套,268627,千克,2689552
84821090,其他滚珠轴承,43318178,套,9967061,千克,60130506
84822000,锥形滚子轴承，包括锥...,15401021,套,9240041,千克,50467258
84823000,鼓形滚子轴承,514123,套,2844022,千克,19571519
84824000,滚针轴承，包括保持架...,52217723,套,1372536,千克,20334224
84825000,其他圆柱形滚子轴承，...,20076158,套,2930669,千克,29105207
84828000,其他滚动轴承，包括球...,9186234,套,2266169,千克,14474468
84829100,滚珠、滚针及滚柱,10707087,千克,0,—,34445827
84829900,滚动轴承的其他零件,23443927,千克,0,—,92983135
84831011,船舶用柴油机曲轴,975,个,429019,千克,3114428
84831019,其他船舶用传动轴,40786,个,277437,千克,2545840
84831090,其他传动轴及曲柄,111345732,个,23910979,千克,129985589
84832000,装有滚珠或滚子轴承的...,5076066,个,4944440,千克,18858636
84833000,未装有滚珠或滚子轴承...,197681776,个,8632582,千克,58577678
84834010,滚子螺杆传动装置,482434,个,244943,千克,3916083
84834020,行星齿轮减速器,1386353,个,3018795,千克,25906592
84834090,齿轮及其他变速、传动...,25256609,个,37171893,千克,238867927
84835000,飞轮及滑轮，包括滑轮...,15283340,个,8040220,千克,37533808
84836000,离合器及联轴器（包括...,9080035,个,5719866,千克,33210086
84839000,单独报验的带齿的轮等...,49854379,千克,0,—,266200956
84841000,密封垫等，金属片与其...,1837437,千克,0,—,26274371
84842000,机械密封件,632982,千克,0,—,21005723
84849000,已包装成套或不同材料...,305076,千克,0,—,7594686
84851000,用金属材料的增材制造...,483,台,53434,千克,2974156
84852000,用塑料或橡胶材料的增...,218883,台,2518639,千克,73598933
84853020,用石膏、水泥、陶瓷材...,1,台,49850,千克,576910
84858010,用纸或纸浆的增材制造...,3,台,108,千克,1125
84858090,其他增材制造设备,59,台,11238,千克,829913
84859010,用金属材料的增材制造...,6556,千克,0,—,339594
84859020,用玻璃材料的增材制造...,2497,千克,0,—,203527
84859030,用橡胶或塑料材料的增...,215489,千克,0,—,9780081
84859090,其他增材制造设备的零...,8688,千克,0,—,467026
84861010,利用温度变化处理单晶...,149,台,2042747,千克,24003980
84861020,制造单晶柱或晶圆用的...,83,台,312571,千克,17522660
84861030,制造单晶柱或晶圆用的...,127,台,1750252,千克,14788389
84861040,制造单晶柱或晶圆用的...,3,台,33750,千克,831000
84861090,其他制造单晶柱或晶圆...,107,台,132426,千克,11759589
84862010,制半导体器件或IC的...,52,台,231630,千克,5354726
84862021,制造半导体器件或IC...,16,台,57690,千克,9887616
84862022,制造半导体器件或IC...,4,台,12606,千克,3702046
84862029,其他制半导体件或集成...,4,台,18890,千克,3451785
84862031,制半导体器件或集成电...,4,台,13570,千克,2860125
84862039,其他投影绘制电路图的...,4,台,16390,千克,1782689
84862041,制造半导体器件或IC...,3,台,9956,千克,866914
84862049,制造半导体器件或IC...,25,台,108809,千克,4088940
84862050,制造半导体器件或集成...,24,台,4520,千克,566012
84862090,其他制半导体器件或集...,889,台,1069101,千克,31062538
84863010,制造平板显示器的扩散...,16,台,49962,千克,276609
84863039,其他投影绘制电路图的...,7,台,17560,千克,1495558
84863041,制造平板显示器用的超...,55,台,37055,千克,355915
84863049,制平板显示器用的其他...,30,台,85895,千克,1957740
84863090,其他制造平板显示器用...,338,台,27884,千克,920173
84864010,制作和修复掩膜版（m...,13,台,518,千克,11260
84864021,装配与封装半导体器件...,17,台,143573,千克,7511020
84864022,装配与封装半导体件或...,196,台,119616,千克,4831027
84864029,章注释11（3）规定...,982,台,4510268,千克,42080140
84864031,集成电路工厂专用的自...,92,台,75997,千克,2909713
84864039,其他升降、装卸、搬运...,1552,台,2717863,千克,42964759
84869010,本章注释11（3）规...,674339,千克,0,—,2732614
84869020,引线键合装置用零件及...,95206,千克,0,—,5657137
84869091,带背板的溅射靶材组件,203418,千克,0,—,24716394
84869099,品目8486所列设备...,1158675,千克,0,—,103274609
84871000,船用推进器及桨叶,1661207,千克,0,—,24104849
84879000,未列名的机器零件，不...,39444259,千克,0,—,155834471
85011010,玩具电动机，输出功率...,5751412,台,284780,千克,5552758
85011091,微电机，输出功率≤3...,77660184,台,5705590,千克,95924440
85011099,其他电动机，输出功率...,64795374,台,15612325,千克,185154256
85012000,交直流两用电动机，输...,1914930,台,2073035,千克,13583359
85013100,直流电动机及直流发电...,32431455,台,28770662,千克,314372984
85013200,直流电动机及直流发电...,1312871,台,4801264,千克,51338537
85013300,直流电动机及直流发电...,1175,台,374420,千克,2749237
85013400,直流电动机及直流发电...,112,台,575720,千克,2814597
85014000,其他单相交流电动机,29351041,台,50099697,千克,202657523
85015100,多相交流电动机，输出...,1095687,台,3836822,千克,36955726
85015200,多相交流电动机，75...,642146,台,26666280,千克,133037496
85015300,多相交流电动机，输出...,33854,台,11694257,千克,92497979
85016100,交流发电机，输出功率...,70239,台,3055939,千克,15586816
85016200,交流发电机，75kV...,9200,台,2569909,千克,10194024
85016300,交流发电机，375k...,1057,台,1389728,千克,5021364
85016410,交流发电机，750k...,1036,台,11399358,千克,77253738
85017100,输出功率≤50W的光...,74604,台,166343,千克,2080834
85017210,50W＜输出功率≤7...,26071,台,363951,千克,1979282
85017220,750W＜输出功率≤...,843,台,336691,千克,2213149
85017230,75kW＜输出功率≤...,4,台,20616,千克,122136
85018010,输出功率≤75kVA...,2814,台,574975,千克,5355031
85018020,75kVA＜输出功率...,2,台,14126,千克,61018
85018030,375kVA＜输出功...,35,台,64689,千克,1007776
85021100,压燃式内燃机发电机组...,40731,台,12434799,千克,59521392
85021200,压燃式内燃机发电机组...,6295,台,8154309,千克,47173646
85021310,压燃式内燃机发电机组...,1368,台,9015309,千克,88219041
85021320,压燃式内燃机发电机组...,243,台,5891692,千克,82390831
85022000,装有点燃式活塞内燃发...,403336,台,19078079,千克,94603276
85023100,风力发电机组,6924,台,16562117,千克,96805976
85023900,未列名发电机组,93328,台,1068187,千克,11475318
85024000,旋转式变流机,78,台,198,千克,13652
85030010,玩具电动机和微电机的...,844195,千克,0,—,12259442
85030020,输出功率＞350MV...,302026,千克,0,—,2562198
85030030,子目号850231所...,105517718,千克,0,—,237629650
85030090,其他专用于或主要用于...,66893339,千克,0,—,369869162
85041010,放电灯或放电管用电子...,1373572,个,322767,千克,7267682
85041090,其他放电灯或放电管用...,1261346,个,349154,千克,2619515
85042100,液体介质变压器，额定...,9149,个,4758181,千克,38114519
85042200,液体介质变压器，65...,1491,个,12878082,千克,90108189
85042311,液体介质变压器，10...,6405,个,14915818,千克,117590465
85042312,液体介质变压器，22...,160,个,3813545,千克,27484563
85042313,液体介质变压器，33...,7,个,1554554,千克,9734291
85042329,液体介质变压器，额定...,256,个,471082,千克,2557681
85043110,额定容量≤1kVA的...,8197109,个,1175520,千克,18042121
85043190,未列名额定容量≤1k...,227061349,个,7678128,千克,122148880
85043210,1kVA＜额定容量≤...,3985,个,6060,千克,120356
85043290,1kVA＜额定容量≤...,3273938,个,1102182,千克,12165276
85043310,额定容量超过16千伏...,63267,个,31013,千克,500533
85043390,未列名额定容量超过1...,31533,个,973310,千克,7101269
85043410,额定容量超过500千...,20,个,6660,千克,162027
85043490,未列名额定容量超过5...,6168,个,5627563,千克,37462457
85044013,品目8471所列机器...,11235952,个,7622845,千克,233456010
85044014,其他功率＜1kW直流...,68358648,个,12602857,千克,364458911
85044015,其他功率＜10kW交...,4482964,个,2326791,千克,28102389
85044019,其他稳压电源,10571847,个,5869241,千克,152246517
85044020,不间断供电电源,1514215,台,13360983,千克,126365395
85044030,逆变器,3314436,个,23651110,千克,599265543
85044091,具有变流功能的半导体...,151462635,个,593828,千克,93326784
85044099,未列名静止式变流器,120610132,个,25354174,千克,761199363
85045000,其他电感器,8738842891,个,11322524,千克,269877390
85049011,额定容量≥400MV...,90864,千克,0,—,1123300
85049019,其他变压器的零件,21307235,千克,0,—,81867902
85049020,稳压电源及不间断供电...,6092847,千克,0,—,127699525
85049090,品目8504所列其他...,10829153,千克,0,—,183440330
85051110,稀土的永磁铁及磁化后...,4196120,千克,0,—,235077240
85051190,其他金属永磁铁及磁化...,4868447,千克,0,—,29505746
85051900,其他永磁铁及磁化后准...,13114925,千克,0,—,40652695
85052000,电磁联轴节、离合器及...,840687,千克,0,—,10794810
85059010,电磁起重吸盘,53364,个,222673,千克,1030428
85059090,电磁铁；电磁或永磁工...,68690283,个,3580105,千克,51550990
85061011,扣式碱性锌锰原电池（...,89504233,个,259405,千克,3484956
85061012,圆柱型碱性锌锰原电池...,979703015,个,20484840,千克,92437388
85061019,其他碱性锌锰原电池（...,21371716,个,660867,千克,5027013
85061090,其他二氧化锰原电池（...,1095052836,个,19543820,千克,45517035
85064000,氧化银原电池（组）,3329780,个,4484,千克,626229
85065000,锂的原电池及原电池组,189034102,个,1849861,千克,51872991
85066000,锌空气的原电池及原电...,2755310,个,3109,千克,390002
85068000,其他原电池及原电池组,2574125,个,50783,千克,436294
85069010,编码85061000...,985011,千克,0,—,4179681
85069090,其他原电池及原电池组...,100750,千克,0,—,5687761
85071000,用于起动活塞式发动机...,5085831,个,38997761,千克,91269334
85072000,其他铅酸蓄电池,10649366,个,46796415,千克,132566539
85073000,镍镉蓄电池,3581406,个,378953,千克,4224021
85075000,镍氢蓄电池,29858494,个,1351055,千克,28818148
85076000,锂离子蓄电池,288316173,个,190002027,千克,4472151309
85078030,全钒液流电池,2,个,40360,千克,236310
85078090,未列名蓄电池,14290,个,156462,千克,1958160
85079010,铅酸蓄电池的零件,2173266,千克,0,—,5837637
85079090,其他蓄电池的零件,11493716,千克,0,—,190886119
85081100,电动真空吸尘器功率≤...,12507006,台,35523989,千克,448602953
85081900,其他电动真空吸尘器,1057052,台,6712858,千克,38324895
85086000,非电动真空吸尘器,84350,台,44224,千克,1404537
85087010,编码85081100...,4301154,千克,0,—,45803351
85087090,其他真空吸尘器用零件,1541313,千克,0,—,17043966
85094010,水果或蔬菜的榨汁器,3501142,台,5329498,千克,50627239
85094090,食品研磨机及搅拌器,19407652,台,30435073,千克,272470084
85098010,地板打蜡机,41609,台,106564,千克,1206135
85098020,厨房废物处理器,138528,台,798280,千克,6051971
85098090,其他家用电动器具,35080594,台,40236958,千克,573337654
85099000,家用电动器具的零件,4259521,千克,0,—,52063321
85101000,电动剃须刀,7279628,个,1561214,千克,57786746
85102000,电动毛发推剪,18063172,个,5780095,千克,121660033
85103000,电动脱毛器,4530946,个,937896,千克,42165620
85109000,电动剃须刀及电动毛发...,280160,千克,0,—,11820452
85111000,火花塞,27817322,个,1293995,千克,18686274
85112010,机车航空器船舶磁电机...,119,个,227,千克,151437
85112090,其他点火磁电机、永磁...,615965,个,449847,千克,2580339
85113010,机车、航空器及船舶用...,49942,个,17684,千克,346514
85113090,其他分电器、点火线圈,7103785,个,2179709,千克,41340979
85114010,机车航空器船舶用起动...,2379,个,24854,千克,1001906
85114091,输出功率≥132.3...,332841,个,287513,千克,3330231
85114099,其他起动电机及两用起...,1754777,个,5528996,千克,44511363
85115010,其他机车、航空器及船...,326,个,4234,千克,1285760
85115090,未列名发电机,910987,个,5330183,千克,49684855
85118000,内燃机用其他电点火及...,1740891,个,299278,千克,4331247
85119010,品目8511供机车、...,9992,千克,0,—,560180
85119090,品目8511所列其他...,11223150,千克,0,—,63735690
85121000,自行车电气照明或视觉...,9924740,个,758155,千克,22651853
85122010,机动车辆用电气照明装...,36010712,个,12393599,千克,228995104
85122090,机动车辆用视觉信号装...,10618028,个,2585165,千克,66273302
85123011,机动车辆用喇叭、蜂鸣...,5560319,个,1239181,千克,15922607
85123012,机动车辆用防盗报警器,352344,个,81533,千克,2166494
85123019,机动车辆用其他电气音...,1429127,个,202657,千克,13895182
85123090,自行车用电气音响信号...,243718,个,52000,千克,2264751
85124000,车辆风挡刮水器、除霜...,10092653,个,1938739,千克,19126337
85129000,品目8512所列装置...,7059589,千克,0,—,137247300
85131010,手电筒,59076628,个,6301136,千克,79106075
85131090,其他自供能源的手提式...,28088040,个,5835447,千克,90347067
85139010,手电筒零件,55202,千克,0,—,1511250
85139090,其他自供能源手提式电...,63788,千克,0,—,1548790
85141910,可控气氛热处理炉,95,台,1850709,千克,18668795
85141990,其他工业或实验室用电...,39557,台,4050147,千克,40994480
85142000,工业或实验用感应或介...,1470,台,1288934,千克,6897984
85143100,电子束炉,17,台,2544,千克,16845
85143200,等离子及真空电弧炉,1,台,12000,千克,108695
85143900,其他工业或实验室用炉...,8978,台,3874877,千克,15702329
85144000,其他工业或实验用感应...,22829,台,318292,千克,3760748
85149010,炼钢电炉的零件,607254,千克,0,—,4885413
85149090,品目8514所列其他...,2373343,千克,0,—,34793844
85151100,钎焊烙铁及焊枪,1996527,个,690509,千克,13567668
85151900,其他钎焊机器及装置,48228,台,675787,千克,7675818
85152120,电阻焊接机器人,5,台,1760,千克,98337
85152191,全自动或半自动电阻直...,49,台,3223484,千克,19000518
85152199,未列名全自动或半自动...,22990,台,593484,千克,7721571
85152900,其他电阻焊接机器及装...,75789,台,735354,千克,7319656
85153120,用于金属加工的电弧(...,230,台,310022,千克,6003373
85153191,全自动或半自动用于金...,1675,台,551076,千克,1408718
85153199,未列名全自动或半自动...,82340,台,1203288,千克,16206531
85153900,其他用于金属加工的电...,767727,台,5340343,千克,49900729
85158010,激光焊接机器人,48,台,7398,千克,291173
85158090,未列名焊接机器及装置...,303609,台,2339298,千克,48440923
85159000,品目8515所列机器...,1879840,千克,0,—,34697969
85161010,电热的储存式热水器,679869,个,10506520,千克,33932538
85161020,电热的快速热水器,382273,个,537667,千克,7937557
85161090,其他电热水器,143896,个,184716,千克,3291148
85162100,电气储存式散热器,463061,个,90761,千克,607331
85162910,电气土壤加热器,29193,个,15387,千克,334103
85162920,辐射式电气空间加热器,377002,个,923126,千克,6119222
85162931,风扇式电气空间加热器,798125,个,1696517,千克,20738695
85162932,充液式电气空间加热器,55183,个,667295,千克,2401070
85162939,其他对流式电气空间加...,131485,个,928636,千克,8645758
85162990,未列名电气空间加热器,965936,个,3862458,千克,30626346
85163100,电吹风机,11241958,个,7241706,千克,112243599
85163200,其他电热理发器具,16326507,个,7930884,千克,156684021
85163300,电热干手器,100183,个,282889,千克,4108779
85164000,电熨斗,8371475,个,9785195,千克,97821784
85165000,微波炉,5939721,台,78276392,千克,295594007
85166010,电磁炉,1339257,个,4402620,千克,54974579
85166030,电饭锅,4512729,个,10136637,千克,75073604
85166040,电炒锅,122908,个,263206,千克,2744277
85166050,电烤箱,2367903,个,19647574,千克,90743430
85166090,其他电炉；电锅、电热...,14923228,个,61037058,千克,361296067
85167110,滴液式咖啡机,2788715,个,4941431,千克,33147583
85167120,蒸馏渗滤式咖啡机,83260,个,158529,千克,1526057
85167130,泵压式咖啡机,1111066,个,4735205,千克,73902842
85167190,其他电咖啡机或茶壶,2754069,个,2893055,千克,38112002
85167210,家用自动面包机,371051,个,946161,千克,9006815
85167220,片式烤面包机（多士炉...,3623570,个,5329275,千克,36705138
85167290,其他电热烤面包器,2296482,个,4140460,千克,21618183
85167910,电热饮水机,1208217,台,8664392,千克,55382868
85167990,未列名电热器具,36961642,个,29854083,千克,279977386
85168000,加热电阻器,117801604,个,4718309,千克,91159705
85169010,土壤加热器及加热电阻...,252097,千克,0,—,4678504
85169090,品目8516所列其他...,21628699,千克,0,—,219761323
85171100,无绳电话机,521508,台,255995,千克,15828839
85171300,智能手机,43565485,台,14349089,千克,8486245434
85171410,手持（包括车载）式无...,14113384,台,2117687,千克,117460617
85171420,对讲机,1877396,台,804414,千克,47386045
85171490,未列名用于蜂窝网络或...,40183,台,22442,千克,2842085
85171800,其他电话机,900424,台,594814,千克,19385112
85176110,移动通信基站,18496,台,2288549,千克,112682791
85176190,其他基站,9386,台,26656,千克,4105827
85176211,局用电话交换机；长途...,2036,台,1467,千克,25613
85176212,移动通信交换机,17687,台,22423,千克,2439655
85176219,其他电话交换机,2505,台,10348,千克,790728
85176221,光端机及脉冲编号调制...,34726,台,51527,千克,5531260
85176222,波分复用光传输设备,524699,台,218794,千克,72799962
85176229,其他光通讯设备,7318329,台,3927072,千克,210916409
85176231,通信网络时钟同步设备,5723,台,3659,千克,2334620
85176232,以太网络交换机,2329533,台,2883453,千克,193829193
85176233,IP电话信号转换设备,913773,台,1006054,千克,66174549
85176234,调制解调器,749388,台,97097,千克,12433214
85176235,集线器,1685151,台,210869,千克,10651270
85176236,路由器,3244674,台,2243730,千克,153265198
85176237,有线网络接口卡,950643,台,116937,千克,47043406
85176239,未列名有线数字通讯设...,3224428,台,1650074,千克,148632141
85176292,无线网络接口卡,13535071,台,218721,千克,79557754
85176293,无限接入固定台,132241,台,89846,千克,7016298
85176294,无线耳机、无线耳塞,40117615,个,5527170,千克,689936630
85176299,其他接收、转换并且发...,69534534,台,10875331,千克,1280723331
85176910,其他发送接收声音/图...,1672585,台,337821,千克,47544767
85176990,其他发送接收声音/图...,1311561,台,735094,千克,38629316
85177100,各种天线和天线反射器...,4933200,千克,0,—,127532366
85177910,数字式程控电话或电报...,58823,千克,0,—,2059175
85177920,光端机及脉冲编码调制...,50055,千克,0,—,3942809
85177930,智能手机及其他手持（...,3877019,千克,0,—,1385457166
85177940,对讲机用零件（天线除...,62725,千克,0,—,3584443
85177950,光通信设备的激光收发...,325635,千克,0,—,502411958
85177990,品目85.17所列设...,18305635,千克,0,—,986573651
85181000,传声器（麦克风）及其...,133762523,个,3444677,千克,126816985
85182100,单喇叭音箱,21211209,个,14406715,千克,210863637
85182200,多喇叭音箱,5911197,个,21944955,千克,265534320
85182900,其他扬声器,140042383,个,13425139,千克,212759400
85183000,耳机、耳塞（无线耳机...,109870499,个,6877471,千克,286057114
85184000,音频扩大器,2831350,台,4924390,千克,104616696
85185000,电气扩音机组,807270,套,1562142,千克,15317229
85189000,品目8518所列货品...,12268851,千克,0,—,139606715
85193000,转盘（唱机唱盘）,75353,台,316678,千克,5192299
85198111,未装声音录制装置的盒...,10276,台,3903,千克,271264
85198112,装有声音重放装置的盒...,19417,台,15070,千克,425084
85198119,其他使用磁性媒体的声...,67470,台,151376,千克,1255310
85198121,激光唱机，未装有声音...,126230,台,257461,千克,5189953
85198129,其他使用光学媒体的声...,41525,台,198007,千克,1871994
85198131,有声音重放装置的闪速...,1876454,台,572383,千克,31814220
85198139,其他使用半导体媒体的...,1590735,台,1709247,千克,39656416
85198910,不带录制装置的其他唱...,151722,台,627388,千克,6953594
85198990,其他声音录制或重放设...,164416,台,28839,千克,1603267
85211011,广播级磁带型录像机,1,台,4,千克,116
85211019,其他磁带型录像机,20486,台,10135,千克,88685
85211020,磁带型放像机,320,台,95,千克,1600
85219011,视频高密光盘（VCD...,901,台,1107,千克,335275
85219012,数字化视频光盘（DV...,967131,台,1107136,千克,40915749
85219019,其他激光视盘机,82956,台,21123,千克,828776
85219090,未列名视频信号录制或...,1731730,台,2716225,千克,107345184
85221000,拾音头,25176,个,4526,千克,116761
85229010,转盘或唱机的零件、附...,25860,千克,0,—,1070163
85229021,走带机构（机芯），不...,1,千克,0,—,65
85229022,磁头,103453,个,17026,千克,1595621
85229023,磁头零件,53,千克,0,—,6818
85229029,盒式磁带录音机或放声...,1018,千克,0,—,43495
85229031,激光视盘机的机芯,26745,千克,0,—,2483796
85229039,其他视频信号录制或重...,209429,千克,0,—,8324156
85229091,车载音频转播器或发射...,594553,台,164285,千克,5686455
85229099,品目8519或852...,405588,千克,0,—,21463192
85232110,未录制磁条卡,10496190,个,60137,千克,2442159
85232120,已录制磁条卡,1095198,个,5147,千克,60689
85232911,未录制磁盘,23369338,个,287195,千克,53568047
85232919,已录制磁盘,227,个,151,千克,53997
85232921,未录制的宽度≤4mm...,15486,盘,490,千克,10547
85232922,未录制4mm＜宽度≤...,2102,盘,861,千克,23479
85232923,未录制的宽度＞6.5...,65345,盘,15973,千克,569245
85232928,重放声音或图像信息的...,7,盘,0,千克,22
85234100,未录制光学媒体,15826587,张,262352,千克,1780616
85234910,已录制仅用于重放声音...,480342,张,9566,千克,73740
85234920,已录制用于重放声音、...,599183,张,12368,千克,42217832
85234990,已录制其他光学媒体,119937,张,3051,千克,1151290
85235110,未录制固态非易失性存...,52425627,个,517441,千克,188027350
85235120,已录制固态非易失性存...,609816,个,10009,千克,2988350
85235210,未录制“智能卡”,1170380468,个,1251011,千克,94285294
85235290,已录制“智能卡”,824371514,个,1064685,千克,75355345
85235910,未录制半导体媒体,23445406,个,24801,千克,2304959
85235920,已录制半导体媒体,38214967,个,30088,千克,1800293
85238011,已录制唱片,108941,张,22724,千克,327469
85238019,未录制唱片,11328,张,2049,千克,73708
85238021,其他8471用录制信...,129171,张,15451,千克,436374
85238029,其他8471用录制信...,4,张,0,千克,264
85238091,未列名录制声音或其他...,1,张,3,千克,4928
85241100,"液晶平板显示模组,不...",47787194,个,1363968,千克,96176119
85241200,有机发光二极管（OL...,1910387,个,123362,千克,28210776
85241921,电视机用发光二极管平...,5809,个,8814,千克,239056
85241929,其他发光二极管平板显...,315345,个,9908,千克,460981
85241990,其他平板显示模组，不...,2416371,个,17770,千克,8524466
85249110,其他专用于或主要用于...,52028624,个,2590007,千克,363637346
85249120,其他专用于或主要用于...,721030,个,69381,千克,12051383
85249130,其他专用于或主要用于...,256414,个,41781,千克,7703611
85249140,其他专用于或主要用于...,9069732,个,2592203,千克,439380606
85249190,未列名液晶平板显示模...,39975654,个,33239735,千克,1414789106
85249210,其他专用于或主要用于...,30953325,个,1070788,千克,1092171110
85249220,其他专用于或主要用于...,19,个,14,千克,2313
85249240,其他专用于或主要用于...,49313,个,12894,千克,8385610
85249250,电视接收机用其他有机...,238307,个,864593,千克,105419321
85249260,其他专用于或主要用于...,62160,个,1513,千克,120051
85249290,未列名有机发光二极管...,1456248,个,54778,千克,33183386
85249921,电视机用其他发光二极...,95471,个,4638,千克,111152
85249929,未列名发光二极管平板...,305048,个,110212,千克,5436211
85249990,未列名平板显示模组,3869118,个,108314,千克,61077343
85255000,无线电广播、电视发送...,106084,台,16211,千克,568762
85256010,卫星地面站设备,10,台,15076,千克,5165886
85256090,其他装有接收装置的发...,478769,台,32008,千克,2104206
85258110,高速电视摄像机,17960,台,11982,千克,676632
85258120,高速数字照相机,1506,台,561,千克,148511
85258130,高速视频摄录一体机,175099,台,86399,千克,2078905
85258210,抗辐射或耐辐射电视摄...,30,台,20,千克,471
85258310,夜视电视摄像机,15806,台,8109,千克,1866935
85258320,夜视数字照相机,747,台,593,千克,59865
85258330,夜视视频摄录一体机,2469619,台,1229112,千克,58390159
85258911,其他特种用途的电视摄...,11402,台,24926,千克,1345736
85258912,非特种用途的广播级电...,10276,台,8286,千克,1175080
85258919,非特种用途的其他类型...,32497137,台,4678619,千克,351577574
85258921,其他特种用途的数字照...,9540,台,5326,千克,2319004
85258922,非特种用途的单镜头反...,1323,台,872,千克,273279
85258923,非特种用途的其他可换...,29608,台,30982,千克,12748052
85258929,非特种用途的其他类型...,908092,台,372173,千克,95287049
85258931,其他特种用途的视频摄...,14794,台,11210,千克,1620758
85258932,非特种用途的广播级视...,2411,台,6864,千克,3186475
85258933,非特种用途的家用型视...,2397787,台,1161739,千克,57771181
85258939,非特种用途的其他类型...,4695060,台,2604619,千克,238690593
85261010,导航用雷达设备,20654,台,13897,千克,1947998
85261090,其他雷达设备,554335,台,149597,千克,28258288
85269110,机动车辆用无线电导航...,3469796,台,1138086,千克,105139141
85269190,其他无线电导航设备,1540064,台,230509,千克,35656336
85269200,无线电遥控设备,8640457,台,861805,千克,64152849
85271200,袖珍盒式磁带收放机,6920,台,2552,千克,26833
85271300,其他不需外接电源的收...,3357869,台,3723855,千克,29758626
85271900,其他不需外接电源的无...,3099303,台,1075939,千克,14212142
85272100,需外接电源的汽车用收...,524199,台,373928,千克,16219167
85272900,其他需外接电源的汽车...,156111,台,107746,千克,5212696
85279100,其他收录（放）音组合...,4516571,台,10822171,千克,118629861
85279200,其他带时钟的收音机,291100,台,184178,千克,4630903
85279900,未列名无线电广播接收...,1615081,台,1528183,千克,22976277
85284200,可直接连接且设计用于...,30,台,104,千克,1443
85284910,彩色阴极射线管监视器,9803,台,5707,千克,119219
85284990,单色阴极射线管监视器,41399,台,2728,千克,561458
85285211,专用于或主要用于品目...,646244,台,2223595,千克,81987570
85285212,其他可直接连接品目8...,7575508,台,41673636,千克,815749338
85285219,其他可直接连接品目8...,425,台,3551,千克,296808
85285291,专用于或主要用于品目...,25158,台,332028,千克,6740724
85285292,可直接连接品目84....,34731,台,267673,千克,19308729
85285299,可直接连接品目84....,3702,台,19876,千克,536361
85285910,其他彩色监视器,3027992,台,11436454,千克,380598609
85285990,其他单色监视器,52987,台,24775,千克,1511182
85286210,可直接连接并专用于或...,160780,台,47831,千克,5566487
85286220,可直接连接品目84....,112193,台,230199,千克,33709976
85286290,可直接连接品目84....,20,台,100,千克,60000
85286910,其他彩色投影机,661355,台,1230010,千克,76616335
85286990,其他单色投影机,192,台,254,千克,84957
85287110,彩色卫星电视接收机,1709801,台,719266,千克,13611430
85287180,其他彩色的在设计上不...,3007584,台,1321216,千克,46939834
85287190,其他单色的在设计上不...,2420,台,1989,千克,29641
85287211,阴极射线显像管的彩色...,4375,台,1224,千克,36072
85287212,阴极射线显像管的彩色...,2002,台,1086,千克,13896
85287219,其他阴极射线显像管的...,23,台,987,千克,27097
85287221,液晶显示器彩色模拟电...,449095,台,2358538,千克,41387536
85287222,液晶显示器彩色数字电...,7795876,台,67294317,千克,1152357133
85287229,其他液晶显示器彩色电...,22291,台,55538,千克,1207447
85287232,等离子显示器彩色数字...,18,台,1269,千克,9545
85287239,其他等离子显示器彩色...,569,台,2927,千克,106793
85287291,其他彩色模拟电视接收...,3,台,117,千克,1009
85287292,其他彩色数字电视接收...,96895,台,682420,千克,19952053
85287299,其他彩色电视接收机,780,台,5698,千克,73801
85287300,其他单色电视接收机,11,台,35,千克,1007
85291010,雷达及无线电导航设备...,188689,千克,0,—,12470738
85291020,收音机、电视机等的天...,1170024,千克,0,—,25113919
85291090,品目8525至852...,5247524,千克,502843380,个,34590300
85299010,电视发送、差转及卫星...,299370,千克,4793745,个,4909984
85299020,品目85.24所列设...,2808366,千克,41877102,个,84283903
85299041,特种用途电视摄像机等...,10260,千克,0,—,458464
85299042,非特种用途的取像模块,117445,千克,0,—,453142435
85299049,其他电视摄像机等及数...,2108151,千克,0,—,353002869
85299050,雷达设备及无线电导航...,765456,千克,0,—,71088907
85299060,无线电收音机及其组合...,519892,千克,0,—,14931889
85299081,彩色电视接收机零件,20555288,千克,0,—,255863922
85299089,其他电视接收机零件,3641810,千克,0,—,10728891
85299090,品目85.25至85...,10777390,千克,92599457,个,163092667
85301000,铁道或电车道电气信号...,1917,个,70394,千克,3695985
85308000,其他电气信号、安全或...,761642,个,975065,千克,13109147
85309000,品目8530所列设备...,358857,千克,0,—,7711736
85311000,防盗或防火报警器及类...,16234842,个,2529022,千克,88426019
85312000,装有液晶装置或发光二...,58082819,个,3127224,千克,125769097
85318010,蜂鸣器,28357469,个,211016,千克,11855801
85318090,未列名电气音响或视觉...,27191975,个,1438533,千克,90465065
85319010,防盗或防火报警器及类...,2818644,千克,0,—,61919219
85319090,品目8531所列其他...,412112,千克,0,—,43824596
85321000,50/60Hz电路用...,1025886,千克,52996,千个,12444955
85322110,片式钽电容器,33154,千克,252737,千个,21232641
85322190,其他钽电容器,548,千克,1382,千个,182876
85322210,片式铝电解电容器,260812,千克,473679,千个,16463734
85322290,其他铝电解电容器,3097652,千克,1674828,千个,72440689
85322300,单层瓷介电容器,190118,千克,505829,千个,6049619
85322410,片式多层瓷介电容器,1130065,千克,132213560,千个,291595532
85322490,其他多层瓷介电容器,36485,千克,93081,千个,1849625
85322510,片式纸介质或塑料介质...,101472,千克,18831,千个,1288818
85322590,其他纸介质或塑料介质...,3843565,千克,978252,千个,58135226
85322900,未列名固定电容器,192719,千克,1162148,千个,6566059
85323000,可变或可调（微调）电...,17761,千克,25099,千个,414917
85329010,品目85321000...,17460,千克,0,—,233559
85329090,其他电容器的零件,506832,千克,0,—,6840782
85331000,固定碳质电阻器，合成...,114645,千克,806102,千个,1915770
85332110,额定功率≤20瓦的片...,1040615,千克,111390740,千个,55802320
85332190,额定功率≤20瓦的其...,229935,千克,418582,千个,5146033
85332900,额定功率＞20瓦的其...,376165,千克,29362,千个,7871331
85333100,额定功率≤20瓦的线...,19641,千克,26561,千个,523055
85333900,额定功率＞20瓦的线...,4919,千克,282,千个,96826
85334000,其他可变电阻器,1352347,千克,2520432,千个,64080196
85339000,电阻器（包括变阻器及...,168656,千克,0,—,2403534
85340010,四层以上的印刷电路,384210327,块,8936448,千克,873382817
85340090,四层及以下的印刷电路,4052799872,块,20574960,千克,763199082
85351000,熔断器，线路电压＞1...,1670112,个,498486,千克,4994444
85352100,自动断路器，1000...,34305,个,476143,千克,7314730
85352910,自动断路器，72.5...,13395,个,490070,千克,7862143
85352920,自动断路器，220k...,417,个,630432,千克,7434414
85352990,自动断路器，线路电压...,1764,个,91,千克,6370
85353010,隔离开关及断续开关，...,104869,个,384472,千克,3945528
85353020,隔离开关及断续开关，...,28959,个,690420,千克,4359786
85353090,用于电压超过1000...,51346,个,385693,千克,6698170
85354000,避雷器、电压限幅器及...,2915971,个,730221,千克,6673048
85359000,其他开关、保护或连接...,4205121,千克,0,—,59535393
85361000,熔断器，线路电压≤1...,461288120,个,948757,千克,30750205
85362000,自动断路器，线路电压...,31334538,个,6521362,千克,102411669
85363000,其他电路保护装置，线...,101010845,个,2160688,千克,76945045
85364110,继电器，线路电压≤3...,126873868,个,2124834,千克,71669434
85364190,继电器，36V≤线路...,590146,个,33573,千克,997591
85364900,继电器，60V＜线路...,95205187,个,2830858,千克,73489084
85365000,开关，线路电压≤10...,781122344,个,8101614,千克,218913594
85366100,灯座，线路电压≤10...,54232180,个,2269967,千克,14445804
85366900,插头及插座，线路电压...,298400268,个,16281784,千克,226727713
85367000,光导纤维、光导纤维束...,2590101,千克,0,—,53446729
85369011,工作电压不超过36伏...,5789533,千克,0,—,450690654
85369019,工作电压超过36伏，...,2895289,千克,0,—,115855548
85369090,未列名用于电压不超过...,8832549,千克,0,—,209731395
85371011,用于电压≤1000V...,3162248,个,842820,千克,70355349
85371019,用于电压≤1000V...,1623344,个,600288,千克,24382110
85371090,其他电气控制或电力分...,60292131,个,21477393,千克,818893990
85372010,全封闭组合式高压开关...,25,台,501708,千克,9098569
85372090,其他电气控制或分配盘...,12088905,千克,0,—,189223140
85381010,品目85372010...,99806,千克,0,—,891629
85381090,品目8537所列其他...,5262565,千克,0,—,27638553
85389000,品目8535、853...,24015038,千克,0,—,395626662
85391000,封闭式聚光灯,697096,只,317785,千克,3234453
85392110,科研、医疗专用卤钨灯,15163,只,2407,千克,379714
85392120,火车、航空器及船舶用...,102590,只,5679,千克,174379
85392130,机动车辆用卤钨灯,37805359,只,625296,千克,14006134
85392190,其他卤钨灯,17107828,只,312176,千克,5066384
85392210,其他科研医疗专用白炽...,44810,只,161,千克,4705
85392290,未列名白炽灯泡，功率...,46506516,只,1666672,千克,12372389
85392910,科研、医疗专用未列名...,277,只,32,千克,11025
85392920,火车、航空器及船舶用...,146431,只,21173,千克,217171
85392930,机动车辆用未列名白炽...,47804760,只,354558,千克,5186182
85392991,≤12V的未列名白炽...,891091602,只,423199,千克,2707122
85392999,未列名白炽灯泡,28282540,只,238162,千克,2722478
85393110,科研、医疗专用热阴极...,10271,只,2478,千克,25272
85393120,火车、航空器及船舶用...,363245,只,48881,千克,1562506
85393191,紧凑型热阴极荧光灯,6651242,只,536955,千克,5172017
85393199,其他热阴极荧光灯,11124690,只,1613045,千克,8267772
85393230,钠蒸气灯,973915,只,125327,千克,2955610
85393240,汞蒸气灯,392938,只,83052,千克,4765895
85393290,其他金属卤化物灯,810620,只,107599,千克,2975647
85393910,其他科研、医疗专用放...,6906,只,13485,千克,900857
85393920,其他火车、航空器及船...,16868,只,4435,千克,161318
85393990,未列名放电灯管,41601619,只,175527,千克,6630730
85394100,弧光灯,5217,只,2143,千克,667838
85394900,紫外线灯管或红外线灯...,6014530,只,1017206,千克,21748132
85395100,发光二极管（LED）...,293417863,个,1411737,千克,28812369
85395210,发光二极管（LED）...,416933996,只,12477702,千克,208575939
85395220,发光二极管（LED）...,30712408,只,5751265,千克,64058059
85399010,发光二极管（LED）...,65734,千克,0,—,552897
85399090,品目85.39所列其...,1788170,千克,0,—,16184297
85402090,变像管及图像增强管；...,3442,只,388,千克,3145206
85404020,单色数据/图形显示管,109082,只,648,千克,13861
85406090,未列名阴极射线管,4,只,3,千克,232
85407100,磁控管,413987,只,330860,千克,3431549
85407990,其他微波管,13,只,4,千克,221
85408100,接收管或放大管,699714,只,2090,千克,805316
85408900,未列名热电子管、冷阴...,758836,只,7866,千克,2058817
85409110,电视显像管零件,1407,千克,0,—,22004
85409190,其他阴极射线管零件,119,千克,0,—,128673
85409990,未列名热电子管、冷阴...,8439,千克,0,—,1047753
85411000,二极管，但光敏二极管...,15905012066,个,1082626,千克,232298431
85412100,耗散功率＜1瓦的晶体...,8407038965,个,279844,千克,106945856
85412900,耗散功率≥1瓦的晶体...,3233042138,个,1995403,千克,645765573
85413000,半导体开关元件等,570441005,个,235832,千克,43711668
85414100,发光二极管(LED),24248533767,个,1568793,千克,289864746
85414200,未装在组件内或组装成...,467434103,个,7497700,千克,207602450
85414300,已装在组件内或组装成...,49179072,个,1235907351,千克,3009960203
85414900,其他光敏半导体器件,949100679,个,837380,千克,52519170
85415111,检测湿度、气压及其组...,86203,个,1266,千克,105085
85415112,用于检测温度、电量、...,897191,个,12316,千克,2018202
85415113,液体或气体的流量、液...,83181,个,3035,千克,613255
85415119,其他传感器,4382479,个,11010,千克,1831791
85415129,其他执行器,12,个,132,千克,1772
85415130,振荡器,870550,个,115,千克,149963
85415140,谐振器,5438936,个,2160,千克,726047
85415900,其他半导体器件,160269493,个,69425,千克,14742653
85416000,已装配的压电晶体,2011623927,个,160286,千克,209122678
85419000,品目8541所列货品...,18025479,千克,0,—,102266969
85423111,具有变流功能的半导体...,12380562,个,26043,千克,19315762
85423119,其他用作处理器及控制...,62237391,个,40403,千克,75851981
85423190,其他用作处理器及控制...,5039425656,个,1444541,千克,4916356396
85423210,用作存储器的多元件集...,42525310,个,15606,千克,527971597
85423290,其他用作存储器的集成...,2202788034,个,446072,千克,5852610314
85423310,用作放大器的多元件集...,264861547,个,35396,千克,156057970
85423390,其他用作放大器的集成...,1199363976,个,118322,千克,189967070
85423910,其他多元件集成电路,534608398,个,127146,千克,193513771
85423990,其他集成电路,13654624714,个,1203178,千克,2675417460
85429000,集成电路的零件,590533,千克,0,—,31693063
85431000,粒子加速器,568,台,93825,千克,1106637
85432010,通用信号发生器，输出...,335049,台,55933,千克,14503572
85432090,其他信号发生器,16231,台,3873,千克,4286393
85433000,电镀、电解或电泳设备...,86972,台,2907374,千克,38907569
85434000,电子烟及类似的个人电...,38854539,台,2421547,千克,222240294
85437091,金属、矿藏探测器,418064,台,384200,千克,9514840
85437092,高、中频放大器,2670436,台,671933,千克,27234003
85437093,电篱网激发器,8567,台,11119,千克,249184
85437099,未列名具有独立功能的...,128328238,台,19704616,千克,854865863
85439010,粒子加速器零件,35754,千克,0,—,629727
85439021,＜1500MHz的通...,29878,千克,0,—,967922
85439029,其他信号发生器零件,36975,千克,0,—,1600718
85439030,金属、矿藏探测器零件,84670,千克,0,—,3512990
85439040,高、中频放大器零件,58836,千克,0,—,3146501
85439090,品目8543所列其他...,5614857,千克,0,—,197672353
85441100,铜制绕组电线,9641982,千克,18865904990,米,97300866
85441900,其他绕组电线,7883225,千克,6387356850,米,31878686
85442000,同轴电缆及其他同轴电...,12069036,千克,0,—,94149665
85443020,机动车辆用点火布线组...,10248734,千克,0,—,218503329
85443090,其他车，航空器，船用...,223118,千克,0,—,7516218
85444211,有接头电缆，额定电压...,9645949,千克,198372842,米,247635177
85444219,其他有接头电导体，额...,13367234,千克,0,—,304168457
85444221,有接头电缆，80V＜...,19787095,千克,164062862,米,182606948
85444229,其他有接头电导体，8...,13580923,千克,0,—,224876138
85444911,其他电缆，额定电压≤...,17906575,千克,566660723,米,132693156
85444919,其他电导体，额定电压...,5656776,千克,0,—,62687149
85444921,其他电缆，80V＜额...,43013816,千克,259083161,米,281006600
85444929,其他电导体，80V＜...,10381534,千克,0,—,84719861
85446012,电缆，1kV＜额定电...,30460262,千克,71178526,米,163352830
85446013,电缆，35kV＜额定...,958185,千克,177528,米,7441475
85446014,电缆，110kV＜额...,2985845,千克,520410,米,20706927
85446019,电缆，额定电压＞22...,705576,千克,66679,米,6981400
85446090,未列名电导体，额定电...,1249153,千克,0,—,15163885
85447000,由每根被覆光纤组成的...,25599972,千克,773888430,米,163361422
85451100,炉用碳电极,30436756,千克,0,—,68303068
85451900,其他碳电极,196930471,千克,0,—,138732694
85452000,碳刷,188095,千克,0,—,6157017
85459000,其他电气设备用石墨或...,1170317,千克,0,—,6565084
85461000,玻璃制的绝缘子,3060548,千克,0,—,6129736
85462010,输变电线路绝缘瓷套管,134054,千克,0,—,823670
85462090,其他陶瓷制的绝缘子,11495433,千克,0,—,21445575
85469000,其他绝缘子,3392144,千克,0,—,24450765
85471000,陶瓷制绝缘零件,834769,千克,0,—,16374597
85472000,塑料制绝缘零件,1104397,千克,0,—,17650214
85479010,内衬绝缘材料的贱金属...,6102332,千克,0,—,13886441
85479090,未列名的电气机器、器...,1406097,千克,0,—,21190339
85480000,机器或设备的本章其他...,2202374,千克,0,—,101240623
85491300,其他原电池、原电池组...,28368,千克,0,—,64828
85491900,未列名原电池、原电池...,54,千克,0,—,121
85492900,其他主要用于回收贵金...,17532,千克,0,—,159173
85493900,未列名电气、电子组件...,105094,千克,0,—,200118
85499100,未列名含有原电池、原...,47,千克,0,—,38
85499900,未列名电子电气废弃物...,2383,千克,0,—,1915
86011019,其他直流电机驱动铁道...,4,辆,24250,千克,69252
86012000,由蓄电池驱动的铁道电...,24,辆,689090,千克,2184596
86021010,微机控制的柴油电力铁...,1,辆,100000,千克,1488470
86031000,外部供电铁道或电车道...,42,辆,1356830,千克,66619380
86039000,其他铁道或电车道用的...,1,辆,10000,千克,19581
86040099,其他铁道或电车道用的...,7,辆,131876,千克,1696034
86050090,电车道非机动客车及特...,34,辆,847222,千克,9080128
86061000,铁道或电车道用的非机...,20,辆,570000,千克,2360014
86063000,铁道或电车道用的非机...,5,辆,1000,千克,2112
86069100,铁道或电车道用的非机...,66,辆,851400,千克,3638151
86069200,铁道或电车道用的非机...,77,辆,39128,千克,113487
86069900,未列名铁道或电车道用...,1507,辆,2098711,千克,8767924
86071100,铁道或电车道用的机车...,35,套,116447,千克,1670064
86071200,铁道或电车道用的机车...,938,套,588875,千克,3491287
86071910,铁道或电车道用的机车...,12168,根,4298963,千克,7443730
86071990,铁道或电车道用的机车...,29656140,千克,0,—,53250641
86072100,铁道或电车道用的机车...,1438856,千克,0,—,5995068
86072900,铁道或电车道用的机车...,401798,千克,0,—,1649180
86073000,铁道或电车道用的机车...,2416157,千克,0,—,12075465
86079100,铁道或电车道用机车的...,4051678,千克,0,—,36316358
86079910,铁道或电车道用其他车...,1551240,千克,0,—,13591541
86079990,铁道或电车道用其他车...,1263310,千克,0,—,12070616
86080010,轨道自动计轴设备,1480,千克,56,台,561689
86080090,轨道固定装置和机械交...,3401865,千克,0,—,11372944
86090011,20英尺保温式集装箱,448,个,1322685,千克,6511626
86090012,20英尺罐式集装箱,4028,个,16935875,千克,81390774
86090019,其他20英尺集装箱,154956,个,335215252,千克,304870882
86090021,40英尺保温式集装箱,4580,个,20563240,千克,69185937
86090022,40英尺罐式集装箱,119,个,2246132,千克,7807009
86090029,其他40英尺集装箱,74101,个,280467094,千克,264510830
86090030,45、48、53英尺...,2266,个,10467332,千克,20627066
86090090,其他集装箱（包括运输...,86256,个,17415245,千克,33223883
87011000,单轴拖拉机,8387,辆,1817654,千克,4386301
87012100,仅装有压燃式活塞内燃...,10204,辆,88527273,千克,400524931
87012300,同时装有点燃式活塞内...,1,辆,8800,千克,6302
87012400,仅装有驱动电动机的半...,46,辆,453740,千克,4958413
87012900,其他半挂车用的公路牵...,553,辆,5348800,千克,27093369
87013000,履带式牵引车、拖拉机,56,辆,162712,千克,1012252
87019110,发动机功率≤18千瓦...,1322,辆,1384754,千克,3847060
87019190,发动机功率≤18千瓦...,1,辆,450,千克,8728
87019210,18千瓦＜发动机功率...,2349,辆,4339406,千克,14064661
87019290,18千瓦＜发动机功率...,4,辆,5630,千克,49035
87019310,37千瓦＜发动机功率...,2046,辆,6539156,千克,27975402
87019390,37千瓦＜发动机功率...,22,辆,144507,千克,856164
87019410,75千瓦＜发动机功率...,1101,辆,5939292,千克,24396717
87019490,75千瓦＜发动机功率...,1,辆,4000,千克,11262
87019510,发动机功率＞130千...,268,辆,2341182,千克,14643632
87019590,发动机功率＞130千...,24,辆,221320,千克,1758449
87021020,仅装有压燃式活塞内燃...,20,辆,259400,千克,3517301
87021091,仅装有压燃式活塞内燃...,2576,辆,32816864,千克,215398689
87021092,仅装有压燃式活塞内燃...,519,辆,3174030,千克,19719960
87021093,仅装有压燃式活塞内燃...,1816,辆,4681345,千克,31963659
87022091,同时装有压燃式活塞内...,4,辆,45888,千克,400592
87022092,同时装有压燃式活塞内...,28,辆,311200,千克,4619469
87024010,仅装有驱动电动机的大...,299,辆,4470820,千克,84137763
87024020,仅装有驱动电动机的机...,103,辆,1145485,千克,18280883
87024030,仅装有驱动电动机的机...,127,辆,496124,千克,6521457
87029010,其他大型客车，≥30...,174,辆,2260960,千克,18727084
87029020,其他机动客车，20≤...,153,辆,1147690,千克,6239112
87029030,其他机动客车，10≤...,1124,辆,1773180,千克,9207836
87031011,全地形车,61669,辆,17041131,千克,135577612
87031019,其他高尔夫球机动车及...,17089,辆,8280545,千克,68664568
87031090,雪地行走专用机动车,463,辆,43016,千克,330951
87032130,仅装有点燃式活塞内燃...,681,辆,853370,千克,6119891
87032150,仅装有点燃式活塞内燃...,3457,辆,4363642,千克,43896646
87032230,仅装有点燃式活塞内燃...,93375,辆,118034038,千克,960084960
87032240,仅装有点燃式活塞内燃...,2064,辆,3507106,千克,32612927
87032250,仅装有点燃式活塞内燃...,58466,辆,82528742,千克,690261729
87032290,仅装有点燃式活塞内燃...,342,辆,488115,千克,3541769
87032341,仅装有点燃式活塞内燃...,22251,辆,33854517,千克,347928625
87032342,仅装有点燃式活塞内燃...,10032,辆,18975011,千克,217689592
87032343,仅装有点燃式活塞内燃...,41013,辆,71053789,千克,771392088
87032349,仅装有点燃式活塞内燃...,302,辆,522230,千克,4557042
87032351,仅装有点燃式活塞内燃...,138,辆,221260,千克,3481805
87032352,仅装有点燃式活塞内燃...,117,辆,226634,千克,2137372
87032353,仅装有点燃式活塞内燃...,37,辆,70604,千克,801039
87032359,仅装有点燃式活塞内燃...,1,辆,2080,千克,18500
87032361,仅装有点燃式活塞内燃...,4,辆,8170,千克,323447
87032362,仅装有点燃式活塞内燃...,332,辆,820162,千克,12237596
87032363,仅装有点燃式活塞内燃...,7,辆,16670,千克,252732
87032369,仅装有点燃式活塞内燃...,1,辆,2500,千克,53962
87032412,仅装有点燃式活塞内燃...,64,辆,159866,千克,5734444
87032413,仅装有点燃式活塞内燃...,8,辆,23043,千克,941008
87032421,仅装有点燃式活塞内燃...,2,辆,4727,千克,541436
87032422,仅装有点燃式活塞内燃...,16,辆,36935,千克,1066634
87032423,仅装有点燃式活塞内燃...,7,辆,22467,千克,2567975
87033211,仅装有压燃式活塞内燃...,149,辆,288444,千克,4626032
87033212,仅装有压燃式活塞内燃...,25,辆,57530,千克,694817
87033213,仅装有压燃式活塞内燃...,98,辆,219167,千克,2275495
87033223,仅装有压燃式活塞内燃...,3,辆,6745,千克,63144
87033229,仅装有压燃式活塞内燃...,1,辆,3400,千克,50600
87033312,仅装有压燃式活塞内燃...,2,辆,5970,千克,253191
87033313,仅装有压燃式活塞内燃...,440,辆,1071524,千克,6900101
87033319,仅装有压燃式活塞内燃...,3,辆,7900,千克,98153
87033322,仅装有压燃式活塞内燃...,9,辆,22230,千克,632900
87034021,同时装有点燃式活塞内...,4313,辆,5363677,千克,57254659
87034022,同时装有点燃式活塞内...,1,辆,1865,千克,30618
87034023,同时装有点燃式活塞内...,3272,辆,5374852,千克,55649695
87034031,同时装有点燃式活塞内...,1748,辆,2473864,千克,24973177
87034032,同时装有点燃式活塞内...,1139,辆,2888485,千克,30273348
87034033,同时装有点燃式活塞内...,933,辆,1864806,千克,25040244
87034039,同时装有点燃式活塞内...,3998,辆,7129792,千克,104302945
87034041,同时装有点燃式活塞内...,33,辆,50935,千克,716360
87034042,同时装有点燃式活塞内...,2,辆,4345,千克,79691
87034043,同时装有点燃式活塞内...,30,辆,63656,千克,1235306
87034049,同时装有点燃式活塞内...,5,辆,8275,千克,117500
87034062,同时装有点燃式活塞内...,1,辆,2600,千克,79058
87036011,同时装有点燃式活塞内...,1,辆,1875,千克,5913
87036021,同时装有点燃式活塞内...,3897,辆,6199425,千克,67823295
87036022,同时装有点燃式活塞内...,61,辆,177284,千克,3135532
87036023,同时装有点燃式活塞内...,19407,辆,39203919,千克,564143168
87036031,同时装有点燃式活塞内...,1065,辆,2159860,千克,38255655
87036032,同时装有点燃式活塞内...,103,辆,352810,千克,14138609
87036033,同时装有点燃式活塞内...,1892,辆,4171511,千克,67631569
87036039,同时装有点燃式活塞内...,535,辆,1025252,千克,18238087
87036053,同时装有点燃式活塞内...,5,辆,13514,千克,454399
87038000,仅装有驱动电动机的主...,140149,辆,203787199,千克,2909749563
87039000,未列名载人机动车,167,辆,86168,千克,268807
87041030,电动轮非公路用货运自...,60,辆,3492876,千克,52763946
87041090,其他非公路用货运机动...,1315,辆,37776662,千克,148938099
87042100,"仅装有柴油发动机,车...",14646,辆,28386781,千克,187548148
87042230,"仅装有柴油发动机,车...",3698,辆,12343493,千克,56554745
87042240,"仅装有柴油发动机,车...",1387,辆,8891663,千克,33299575
87042300,"仅装有柴油发动机,车...",9673,辆,140257732,千克,394159879
87043100,仅装有点燃式活塞内燃...,16596,辆,26188396,千克,159962115
87043230,仅装有点燃式活塞内燃...,54,辆,136425,千克,588409
87043240,仅装有点燃式活塞内燃...,45,辆,345028,千克,1360194
87044100,同时装有压燃式活塞内...,30,辆,69830,千克,584884
87045100,同时装有点燃式活塞内...,98,辆,138707,千克,1586006
87046000,仅装有驱动电动机的其...,2464,辆,4775583,千克,64617128
87049000,未列名货运机动车辆,70,辆,845503,千克,3708198
87051021,最大起重量≤50吨全...,91,辆,2814898,千克,4876073
87051022,50吨＜最大起重量≤...,36,辆,2032672,千克,8877933
87051023,最大起重量＞100吨...,132,辆,19471609,千克,75151434
87051091,最大起重量≤50吨其...,583,辆,19298833,千克,52560488
87051092,50吨＜最大起重量≤...,342,辆,19011019,千克,48666526
87051093,最大起重量＞100吨...,69,辆,6376655,千克,16555315
87052000,机动钻探车,1,辆,23000,千克,44000
87053010,装有云梯的救火车,1,辆,25000,千克,250567
87053090,其他机动救火车,48,辆,418640,千克,3265305
87054000,机动混凝土搅拌车,1526,辆,21107565,千克,71092962
87059040,机动医疗车,19,辆,85620,千克,951886
87059059,其他机动电源车,6,辆,78000,千克,432714
87059060,飞机加油车、调温车、...,3,辆,31340,千克,656401
87059080,石油测井车、压裂车、...,14,辆,264300,千克,5065097
87059091,混凝土泵车,186,辆,6103078,千克,24584003
87059099,未列名特殊用途的机动...,2899,辆,8052817,千克,39004833
87060010,非公路用自卸车装有发...,6,台,56770,千克,610861
87060021,装有发动机货车底盘，...,33,台,244800,千克,1197036
87060022,装有发动机货车底盘，...,80,台,237382,千克,1457214
87060030,装有发动机的座位≥3...,254,台,1347581,千克,13531342
87060040,汽车起重车底盘，装有...,1,台,47200,千克,50000
87060090,品目8701至870...,2,台,4544,千克,25194
87071000,机动小客车的车身（包...,24380,台,12159114,千克,110882335
87079010,10座≤座位＜29座...,1,台,3340,千克,6000
87079090,品目8701、870...,19585,台,5911528,千克,21676737
87081000,缓冲器（保险杠）及其...,8691030,千克,0,—,65139740
87082100,座椅安全带,1614471,千克,0,—,16939654
87082211,电动天窗,1731265,千克,88566,套,22132012
87082212,手动天窗,59270,千克,8851,套,528108
87082290,未列名的本章子目注释...,18380630,千克,2197962,套,59698970
87082930,车窗玻璃升降器,905368,千克,0,—,7407280
87082951,车辆侧围,719049,千克,0,—,5627783
87082952,车门,1664319,千克,108176,个,10684412
87082953,发动机罩盖,1327272,千克,0,—,8323966
87082954,车辆前围,247454,千克,0,—,1956560
87082955,行李箱盖（或背门）,460804,千克,0,—,4739777
87082956,车辆后围,104444,千克,0,—,628538
87082957,翼子板（或叶子板）,639727,千克,0,—,6062553
87082959,其他车身覆盖件,3923038,千克,0,—,33915052
87082990,车身（包括驾驶室）的...,56194042,千克,0,—,655371244
87083010,装在蹄片上的制动摩擦...,23390149,千克,0,—,99443657
87083021,牵引车、拖拉机、非公...,22135,千克,0,—,23966
87083029,其他车辆用防抱死制动...,242524,千克,0,—,9744124
87083091,牵引车、拖拉机用其他...,5520948,千克,0,—,9716880
87083092,≥30座的机动客车用...,2243953,千克,0,—,7295791
87083093,非公路用自卸车用其他...,173651,千克,0,—,1063648
87083094,轻型柴油及汽油货车用...,3224323,千克,0,—,10686122
87083095,重型柴油货车用其他制...,39449737,千克,0,—,62298847
87083096,品目87.05所列车...,36700,千克,0,—,119922
87083099,未列名机动车辆用其他...,156225482,千克,128861771,个,419867723
87084010,牵引车、拖拉机用变速...,266499,个,1582935,千克,7714276
87084020,≥30座的机动客车用...,22078,个,366004,千克,4633798
87084030,非公路用自卸车用变速...,11111,个,92764,千克,2304012
87084040,轻型柴油及汽油货车用...,308473,个,782326,千克,9095628
87084050,重型柴油货车用变速箱...,852966,个,2028239,千克,13645389
87084060,品目87.05所列车...,6210,个,321062,千克,3904909
87084091,品目87.03所列车...,20515407,个,16203973,千克,217723165
87084099,未列名机动车辆用变速...,10172009,个,3896179,千克,42793294
87085071,牵引车、拖拉机用装有...,394646,个,6060913,千克,19386949
87085072,≥30座的机动客车用...,17834,个,1082257,千克,5722474
87085073,非公路用自卸车用装有...,18677,个,320974,千克,1774658
87085074,轻型柴油及汽油货车用...,207567,个,2424751,千克,7771745
87085075,重型柴油货车用装有差...,624964,个,6923834,千克,18940835
87085076,品目8705所列车辆...,15007,个,548833,千克,1451502
87085079,其他机动车辆用装有差...,9474446,个,20334842,千克,91702996
87085081,牵引车、拖拉机用非驱...,1515690,千克,0,—,3545939
87085082,≥30座的机动客车用...,338556,千克,0,—,1287049
87085083,非公路用自卸车用非驱...,53447,千克,0,—,948539
87085084,轻型柴油及汽油货车用...,951867,千克,0,—,2913411
87085085,重型柴油货车用非驱动...,2070817,千克,0,—,6211476
87085086,品目8705所列车辆...,47043,千克,0,—,115068
87085089,其他机动车辆用非驱动...,5533928,千克,1693948,个,17913500
87087010,品目8701所列车辆...,12000964,千克,0,—,19610479
87087020,≥30座的客车用车轮...,475390,千克,0,—,1093561
87087030,非公路自卸车用车轮及...,3014631,千克,0,—,6305094
87087040,轻型柴油及汽油货车用...,2393292,千克,0,—,4889412
87087050,重型柴油型货车用车轮...,30676543,千克,0,—,43691516
87087060,品目8705所列车辆...,983652,千克,0,—,2308502
87087091,铝合金制的未列名机动...,78938327,千克,0,—,390615251
87087099,非铝合金制未列名机动...,21940863,千克,0,—,77077827
87088010,品目8703所列车辆...,58790020,千克,0,—,283614856
87088090,其他机动车辆的悬挂系...,17939677,千克,0,—,67578793
87089110,水箱散热器,2575685,个,9908225,千克,74735010
87089120,机油冷却器,1778142,个,1894042,千克,22526448
87089190,其他散热器；散热器的...,24997649,个,7029030,千克,77400427
87089200,机动车辆的消声器、排...,11299677,千克,0,—,98453513
87089310,牵引车拖拉机用离合器...,462612,千克,0,—,2282395
87089320,≥30座的机动客车用...,106027,千克,0,—,922601
87089330,非公路用自卸车用离合...,106830,千克,0,—,529015
87089340,轻型柴油及汽油货车用...,399515,千克,0,—,2481133
87089350,重型柴油货车用离合器...,2625201,千克,0,—,13962165
87089360,品目8705所列车辆...,9631,千克,0,—,84493
87089390,其他机动车辆用离合器...,12769273,千克,0,—,77447818
87089410,牵引车、拖拉机用转向...,484498,千克,0,—,3068575
87089420,≥30座的机动客车用...,79394,千克,0,—,614942
87089430,非公路用自卸车用转向...,30668,千克,0,—,295234
87089440,轻型柴油及汽油货车用...,1023367,千克,0,—,6932800
87089450,重型柴油货车用转向盘...,1304921,千克,0,—,6676473
87089460,品目8705所列车辆...,352425,千克,0,—,992483
87089490,其他机动车辆用转向盘...,33054915,千克,0,—,281079580
87089500,带充气系统的安全气囊...,5786120,千克,0,—,79260023
87089910,品目8701所列车辆...,18318217,千克,0,—,43144954
87089921,≥30座的客车用车架,290660,千克,0,—,1005367
87089929,≥30座的客车用未列...,190522,千克,0,—,1681189
87089931,非公路自卸车用车架,608338,千克,0,—,2202052
87089939,非公路自卸车用未列名...,1627974,千克,0,—,8648508
87089941,轻型货车用车架,656692,千克,0,—,2589036
87089949,轻型货车用未列名零件...,3316351,千克,0,—,19969691
87089951,重型货车用车架,350465,千克,0,—,1269500
87089959,重型货车用未列名零件...,2157959,千克,0,—,7769428
87089960,品目8705所列车辆...,4901021,千克,0,—,15652954
87089991,品目8701至870...,1917672,千克,889466,个,9143856
87089992,品目8701至870...,6770010,千克,0,—,31276075
87089999,品目8701至870...,74619198,千克,0,—,610301042
87091110,电动牵引车,838,辆,326042,千克,3439276
87091190,其他电动的短距离运货...,4977,辆,1013815,千克,5466417
87091910,其他机动牵引车,42,辆,385860,千克,2685492
87091990,其他短距离运货机动车...,2567,辆,707692,千克,3531458
87099000,短距离运货的机动车辆...,172252,千克,0,—,939838
87111000,装有活塞内燃发动机，...,98186,辆,7967791,千克,39808605
87112010,装有活塞内燃发动机，...,5107,辆,393902,千克,2042087
87112020,装有活塞内燃发动机，...,351500,辆,36004036,千克,186175065
87112030,装有活塞内燃发动机，...,310644,辆,40772448,千克,166888895
87112040,装有活塞内燃发动机，...,110925,辆,15665104,千克,72131715
87112050,装有活塞内燃发动机，...,44513,辆,7004755,千克,46292835
87113010,"装有活塞内燃发动机,...",21890,辆,4132385,千克,35964314
87113020,"装有活塞内燃发动机,...",1381,辆,277520,千克,4861958
87114000,"装有活塞内燃发动机,...",7864,辆,1664645,千克,34968383
87115000,"装有活塞内燃发动机,...",751,辆,185428,千克,4464638
87116000,装有驱动电动机的摩托...,1211878,辆,41751603,千克,363770994
87119000,未列名摩托车及装有辅...,21943,辆,91284,千克,1365867
87120020,竞赛型自行车,17296,辆,208106,千克,2525888
87120030,山地自行车,544306,辆,6895854,千克,48043582
87120041,16、18、20英寸...,282776,辆,3475134,千克,10140200
87120049,其他越野自行车,17472,辆,325998,千克,1157174
87120081,16英寸及以下的未列...,1370569,辆,11727311,千克,59750781
87120089,未列名自行车,1521791,辆,21824112,千克,118366895
87120090,其他非机动脚踏车,68198,辆,509724,千克,2503661
87131000,非机械驱动残疾人用车,678650,辆,10038262,千克,51873887
87139000,其他残疾人用车,59867,辆,2890497,千克,34322676
87141000,摩托车（包括机器脚踏...,59043315,千克,0,—,380131229
87142000,残疾人车辆零件、附件,2670704,千克,0,—,31500621
87149100,品目8711至871...,6264739,千克,0,—,92391205
87149210,品目8711至871...,917866,千克,0,—,13145110
87149290,品目8711至871...,1177200,千克,0,—,2650534
87149310,品目8711至871...,533054,千克,0,—,5633758
87149320,品目8711至871...,426337,千克,0,—,2448845
87149390,品目8711至871...,110240,千克,0,—,1031734
87149400,品目8711至871...,1875269,千克,0,—,15820490
87149500,品目8711至871...,1747839,千克,3113961,个,9992495
87149610,品目8711至871...,721389,千克,0,—,3547279
87149620,品目8711至871...,1616303,千克,0,—,6791467
87149900,品目8711至871...,10312261,千克,0,—,72699818
87150000,婴孩车及其零件,17631824,千克,0,—,141893309
87161000,供居住或野营用厢式挂...,5534,辆,3540417,千克,32246304
87162000,农用自装或自卸式挂车...,511,辆,278545,千克,642890
87163110,油罐挂车及半挂车,632,辆,5843870,千克,14673059
87163190,其他罐式挂车及半挂车,398,辆,3797456,千克,9376371
87163910,货柜挂车及半挂车,1448,辆,9621904,千克,17947553
87163990,未列名货运挂车及半挂...,20827,辆,39333631,千克,67848898
87164000,未列名挂车及半挂车,44596,辆,5127754,千克,21345242
87168000,未列名非机械驱动车辆,6154923,辆,60039002,千克,184037349
87169000,挂车及半挂车或其他非...,72612476,千克,0,—,164019512
88010090,汽球、飞艇及其他无动...,6661,架,3340,千克,289540
88021100,直升机，空载重量≤2...,2,架,9750,千克,2269320
88022000,飞机等航空器，空载重...,2,架,2008,千克,1520785
88023000,飞机等航空器，200...,1,架,5138,千克,5500000
88024010,15000kg＜空载...,8,架,304502,千克,312526148
88024020,空载重量＞45000...,2,架,244122,千克,101400000
88040000,降落伞、旋翼降落伞及...,7985,千克,0,—,624932
88052900,其他地面飞行训练器及...,2343,千克,0,—,24771
88062110,仅使用遥控飞行的航拍...,91224,架,89178,千克,49372866
88062210,仅使用遥控飞行的航拍...,86185,架,232875,千克,101977758
88062290,仅使用遥控飞行的其他...,1437,架,3575,千克,2303501
88062310,仅使用遥控飞行的航拍...,296,架,2452,千克,2016898
88062390,仅使用遥控飞行的其他...,802,架,10938,千克,2639091
88062490,仅使用遥控飞行的其他...,2914,架,95139,千克,13817711
88069110,其他航拍无人机，最大...,3577,架,2491,千克,1009270
88069190,其他无人机，最大起飞...,5,架,0,千克,681
88069210,其他航拍无人机，最大...,3,架,16,千克,7856
88069290,其他无人机，最大起飞...,493,架,620,千克,471855
88069390,其他无人机，最大起飞...,4,架,51,千克,21907
88069490,其他无人机，最大起飞...,404,架,16672,千克,1948931
88071000,推进器、水平旋翼及其...,8984,千克,0,—,1354296
88072000,起落架及其零件,416136,千克,0,—,39321785
88073000,飞机、直升机及无人驾...,413916,千克,0,—,128629432
88079000,航空器、航天器及其运...,22284,千克,0,—,11711072
89011010,机动巡航船、游船等主...,3,艘,196927,千克,494727
89011090,非机动巡航船、游船等...,2,艘,172,千克,1672
89012011,载重量≤10万吨的成...,8,艘,43229900,千克,47385125
89012012,10万吨＜载重量≤3...,1,艘,65145000,千克,59669992
89012021,载重量≤15万吨的原...,1,艘,20234500,千克,54242224
89012032,容积＞20000立方...,1,艘,22046600,千克,123000000
89012041,容积≤20000立方...,1,艘,8838000,千克,44551466
89012090,其他液货船,7,艘,43376989,千克,174020777
89019021,可载标准集装箱≤60...,19,艘,209973798,千克,557511687
89019022,可载标准集装箱＞60...,10,艘,396888720,千克,1103909777
89019032,载重量＞2万吨的机动...,1,艘,10855000,千克,21116100
89019041,载重量≤15万吨的机...,34,艘,284914791,千克,526892487
89019042,15万吨＜载重量≤3...,1,艘,28884900,千克,62376994
89019050,机动多用途船,5,艘,23213180,千克,20681334
89019080,其他机动货运船舶及客...,5,艘,10731778,千克,71488948
89019090,其他非机动货运船舶及...,8,艘,8923000,千克,14160000
89020090,非机动捕鱼船、加工船...,2,艘,260,千克,3641
89031100,装有或设计装有发动机...,17231,艘,532736,千克,4421236
89031200,未设计装有发动机的充...,219705,艘,1948539,千克,9240822
89031900,其他充气船，空载（净...,8912,艘,323158,千克,4278516
89032100,长度不超过7.5米的...,112,艘,8041,千克,210942
89032200,长度超过7.5米但不...,6,艘,13360,千克,66642
89033100,长度不超过7.5米的...,9,艘,5688,千克,127268
89033200,长度超过7.5米但不...,3,艘,58300,千克,1585212
89039300,长度不超过7.5米的...,14864,艘,590669,千克,5784421
89039900,未列名娱乐或运动用船...,1829,艘,845698,千克,26144801
89040000,拖轮及顶推船,15,艘,9124950,千克,81219483
89051000,挖泥船,14,艘,9897305,千克,37220069
89052000,浮动或潜水式钻探或生...,5,座,16824769,千克,2122822
89059010,浮船坞,620,艘,9350,千克,147002
89059090,灯船、消防船、起重船...,20,艘,12195262,千克,116426207
89069010,未列名机动船舶，包括...,111,艘,265692,千克,3567807
89069030,未制成或不完整的船舶...,54,艘,13283898,千克,25945464
89071000,充气筏,26086,艘,539553,千克,5055971
89079000,未列名浮动结构体,194913,个,2957991,千克,8168289
90011000,光纤、光纤束及光缆，...,1698494,千克,0,—,49387293
90012000,偏振材料制的片及板,76188,千克,0,—,3312681
90013000,隐形眼镜片,2545979,片,37395,千克,1051094
90014010,玻璃制变色镜片,1377130,片,102489,千克,4365790
90014091,玻璃制太阳镜片,1793967,片,17949,千克,2344272
90014099,其他玻璃制眼镜片,7788753,片,196640,千克,2224509
90015010,其他材料制变色镜片,2560510,片,68072,千克,8406876
90015091,其他材料制太阳镜片,16386352,片,146539,千克,8322105
90015099,其他材料制未列名眼镜...,71335439,片,1835843,千克,73123555
90019010,彩色滤光片,9789,千克,4383179,片,5390759
90019090,未列名未装配的光学元...,10184136,千克,0,—,277516676
90021110,制版、缩微及特种照相...,778,千克,1215,个,62834
90021131,单反相机镜头,83569,千克,1757272,个,23018621
90021139,其他照相机用物镜,59806,千克,1900669,个,21169938
90021190,其他照相机、投影仪、...,48660,千克,1398560,个,8174040
90021910,摄影机或放映机用物镜,4348,千克,5553,个,2183247
90021990,未列名物镜,214278,千克,98045476,个,115069498
90022010,照相机用滤光镜,36610,千克,499315,个,5589815
90022090,其他滤光镜,3492,千克,382399,个,636321
90029010,照相机用其他已装配的...,3817,千克,74643,个,880865
90029090,未列名已装配的光学元...,124417,千克,18064875,个,64817996
90031100,塑料制眼镜架,438256,千克,11923076,副,64722393
90031910,金属材料制眼镜架,216785,千克,7013541,副,46415968
90031920,天然材料制眼镜架,3,千克,168,副,4325
90031990,未列名材料制眼镜架,8762,千克,108585,副,526108
90039000,眼镜零件,120567,千克,0,—,21519366
90041000,太阳镜,3943296,千克,83431703,副,212762149
90049010,变色镜,29171,千克,417726,副,2011281
90049090,未列名矫正视力、护目...,5018486,千克,102316111,副,134154842
90051000,双筒望远镜,886766,个,398133,千克,20681652
90058010,天文望远镜及其他天文...,37168,台,168434,千克,4800720
90058090,单筒望远镜、其他光学...,309116,台,172548,千克,13870114
90059010,天文望远镜及其他天文...,19419,千克,0,—,1509769
90059090,其他光学望远镜的零件...,31825,千克,0,—,3942650
90063000,水下、航空测量等特种...,11032,台,6246,千克,534866
90064000,一次成相照相机,296864,台,238102,千克,12440808
90065310,通过镜头取景［单镜头...,2681,台,3888,千克,115130
90065390,其他使用胶片宽度为3...,715049,台,92131,千克,2732779
90065910,激光照相排版设备,1,台,1050,千克,34332
90065929,其他制版照相机,189,台,269,千克,46246
90065949,其他使用胶片宽度小于...,1790,台,138,千克,48807
90065990,未列名照相机,213001,台,72442,千克,8153838
90066100,放电式（电子式）闪光...,1440438,个,194498,千克,13627566
90066910,闪光灯泡,849846,个,4154,千克,290109
90066990,其他照相闪光灯装置,834180,个,179748,千克,9305195
90069110,编码9006.300...,6316,千克,0,—,578986
90069120,一次成像照相机用零件...,27323,千克,0,—,3018109
90069191,其他照像机自动调焦组...,4897,千克,24588,套,497810
90069192,其他照像机用快门组件,1750,千克,443028,套,811297
90069199,其他照像机未列名零件,619022,千克,0,—,22698993
90069900,照相闪光灯装置的零件...,158111,千克,0,—,3568514
90072010,数字式电影放映机,137,台,11264,千克,3867764
90072090,其他电影放映机,856,台,4824,千克,679018
90079100,电影摄影机的零件、附...,150775,千克,0,—,6236858
90079200,电影放映机的零件、附...,14834,千克,0,—,3084128
90085010,幻灯机,916,台,1415,千克,55062
90085031,正射投影仪,7519,台,3061,千克,174867
90085039,其他影像投影仪,833094,台,919262,千克,27246832
90085040,照片（电影片除外）放...,212283,台,8540,千克,516479
90089020,照片放大机及缩片机的...,10,千克,0,—,2305
90089090,其他影像投影仪的零件...,130037,千克,0,—,2775083
90101010,电影胶卷的自动洗印设...,471609,台,27640,千克,1748825
90101091,彩色胶卷洗印设备,1,台,40,千克,500
90101099,其他照相胶卷或成卷感...,483,台,1644,千克,19807
90105010,负片显示器,2621,台,13171,千克,276423
90105022,特种照相洗印用其他装...,70,台,45643,千克,1388057
90105029,其他照相洗印用未列名...,32,台,32997,千克,758941
90106000,银幕及其他投影屏幕,306299,个,1204251,千克,10751652
90109020,特种照相洗印用装置和...,166,千克,0,—,8987
90109090,其他照相洗印用装置和...,3548,千克,0,—,54591
90111000,立体显微镜,104238,台,128936,千克,6363983
90112000,缩微照相、电影摄影及...,13223,台,22521,千克,3606942
90118000,未列名复式光学显微镜,203116,台,373337,千克,11515736
90119000,复式光学显微镜的零件...,131950,千克,0,—,8869502
90121000,显微镜（光学显微镜除...,2568,台,27252,千克,1224000
90129000,显微镜（光学显微镜除...,40387,千克,0,—,3830061
90131000,武器望远瞄准具；潜望...,453675,个,242841,千克,38052403
90132000,激光器，激光二极管除...,1024432,个,249679,千克,54014490
90138010,放大镜,4137901,个,467027,千克,12394317
90138020,光学门眼,299831,个,26670,千克,1314032
90138090,其他光学仪器及器具,1241365,个,130224,千克,16144774
90139010,品目90131000...,56324,千克,0,—,6877140
90139090,子目9013.80所...,66223,千克,0,—,5482558
90141000,定向罗盘,593572,个,51427,千克,2139349
90142010,自动驾驶仪,49,个,52,千克,34450
90142090,其他航空或航天导航仪...,146,个,133,千克,1574573
90148000,其他导航仪器及装置,35670,个,21242,千克,2554905
90149010,自动驾驶仪用零件、附...,72,千克,0,—,98495
90149090,其他导航仪器及装置的...,43787,千克,0,—,2828273
90151010,激光测距雷达,20179,台,7007,千克,11187961
90151090,其他测距仪,729893,台,104938,千克,12554252
90152000,经纬仪及视距仪,3683,台,17107,千克,832607
90153000,水平仪,1174907,台,854032,千克,25285871
90154000,摄影测量用仪器及装置,75,台,20,千克,101811
90158000,其他大地及水道测量海...,658907,台,438036,千克,39476110
90159000,品目9015所列仪器...,389382,千克,0,—,21890518
90160010,感量≤0.1毫克的天...,11974,台,29776,千克,3141728
90160090,50毫克≥感量＞0....,44339,台,72656,千克,5478893
90171000,绘图台及绘图机,20458,台,68850,千克,1331661
90172000,其他绘图、划线或数学...,24443857,个,1837774,千克,14435263
90173000,千分尺、卡尺及量规,5505153,个,583288,千克,19961862
90178000,其他手用测量长度的器...,78182128,个,6391791,千克,45755646
90179000,品目9017所列仪器...,347272,千克,0,—,2952604
90181100,心电图记录仪,15427780,台,80953,千克,9331548
90181210,B型超声波诊断仪,37321,台,31098,千克,9359534
90181291,彩色超声波诊断仪,219414,台,473356,千克,99961797
90181299,未列名超声波扫描装置,602399,台,10482,千克,962871
90181310,成套的核磁共振成像装...,59,套,444684,千克,22597802
90181390,核磁共振成像装置的零...,119922,个,938430,千克,49257796
90181400,闪烁摄影装置,72567,台,15755,千克,2113598
90181930,病员监护仪,3342205,台,297447,千克,49541944
90181941,听力计,162,台,35,千克,8420
90181949,其他听力诊断装置,7246,台,1482,千克,107586
90181990,未列名电气诊断装置,610849,台,57447,千克,7003329
90182000,紫外线及红外线装置,16906,台,44271,千克,1897484
90183100,注射器，不论是否装有...,1193014920,个,9169537,千克,64526787
90183210,管状金属针头,1707566,千克,0,—,20268090
90183220,缝合用针,60501,千克,0,—,3257293
90183900,其他针、导管、插管及...,1633764383,个,13543686,千克,176051527
90184100,牙钻机，可与其他牙科...,761955,台,12521,千克,2693731
90184910,装有牙科设备的牙科用...,4922,台,927172,千克,8000458
90184990,牙科用未列名仪器及器...,65912043,台,644394,千克,40287638
90185000,眼科用其他仪器及器具,174522,千克,0,—,10875605
90189010,听诊器,1386056,个,168408,千克,1874856
90189020,血压测量仪器及器具,10567272,个,2348268,千克,50497348
90189030,内窥镜,2975149,台,174225,千克,34449512
90189040,肾脏透析设备（人工肾...,853031,台,240598,千克,7533798
90189050,透热疗法设备,682,台,7948,千克,675574
90189060,输血设备,1141077,台,241968,千克,3016436
90189070,麻醉设备,1498386,台,400300,千克,23758455
90189080,手术机器人,205,台,940,千克,464503
90189099,其他医疗、外科或兽医...,286421359,台,4204762,千克,188224606
90191010,按摩器具,32420205,台,31050001,千克,379369732
90191090,机械疗法器具及心理功...,447930,台,628865,千克,5358625
90192010,有创呼吸机,1182981,台,70519,千克,5983683
90192020,无创呼吸机,10499155,台,458929,千克,31206537
90192090,其他臭氧治疗器、氧气...,65635628,台,3279467,千克,46072646
90200000,其他呼吸器具及防毒面...,537161,千克,0,—,8377242
90211000,矫形或骨折用器具,4327429,千克,0,—,63644509
90212100,假牙,212455,千克,0,—,39252986
90212900,牙齿固定件,33903,千克,0,—,10006142
90213100,人造关节,88442,千克,459718,套,44693844
90213900,其他人造的人体部分,17710,千克,183174,个,5498700
90214000,助听器，不包括零件、...,1557425,个,93236,千克,39296308
90215000,心脏起搏器，不包括零...,19,个,7,千克,49194
90219011,血管支架,12996,千克,49260,个,7015125
90219019,其他人体支架,7078,千克,13996,个,616678
90219090,其他为弥补生理缺陷或...,693935,千克,0,—,22702840
90221200,X射线断层检查仪,344,台,857116,千克,56701375
90221300,其他，牙科用X射线应...,25115,台,15732,千克,2627384
90221400,其他，医疗、外科或兽...,3232,台,717206,千克,50353241
90221910,低剂量X射线安全检查...,381,台,283204,千克,6997543
90221920,X射线无损探伤检测仪,99,台,64188,千克,3252611
90221990,未列名X射线的应用设...,1030,台,512325,千克,37506611
90222990,其他α、β、γ射线或...,4085,台,42302,千克,1558039
90223000,X射线管,8190,个,149138,千克,22455780
90229010,X射线影像增强器,9,个,108,千克,64852
90229090,X光发生器等、检查用...,865779,个,2145403,千克,91187709
90230010,教习头,252707,千克,0,—,9066371
90230090,其他专供示范（例如，...,1594107,千克,0,—,50217589
90241010,电子万能试验机,9752,台,128627,千克,1369647
90241020,硬度计,2066,台,50298,千克,1483844
90241090,其他金属材料的试验用...,69314,台,130300,千克,4600305
90248000,其他材料的试验用机器...,12300,台,601377,千克,8166865
90249000,材料试验用机器及器具...,80677,千克,0,—,1129224
90251100,液体温度计，可直接读...,2453421,个,161164,千克,2568055
90251910,工业用温度计及高温计...,17988636,个,453567,千克,35446770
90251990,未列名温度计及高温计...,23336526,个,930351,千克,46393769
90258000,其他液体比重计、湿度...,6473954,个,438438,千克,21735632
90259000,9025所列货品的零...,627325,千克,32849882,个,15158928
90261000,测量、检验液体流量或...,4580810,个,1110978,千克,48524320
90262010,压力/差压变送器,7496474,个,335915,千克,43777710
90262090,其他测量、检验压力的...,19459452,个,1914827,千克,81291311
90268010,测量气体流量的仪器及...,799780,个,211692,千克,17179829
90268090,未列名测量或检验液体...,807418,个,175257,千克,10699316
90269000,检测液体或气体变化量...,1139067,千克,0,—,49666348
90271000,气体或烟雾分析仪,3342984,台,321630,千克,44431114
90272011,气相色谱仪,1034,台,45242,千克,8833412
90272012,液相色谱仪,146,台,27789,千克,5763392
90272019,其他色谱仪,109,台,3282,千克,1282708
90272020,电泳仪,397,台,1214,千克,117616
90273000,使用光学射线的分光仪...,32152,台,108924,千克,16003012
90275010,基因测序仪,2023,台,8705,千克,4004348
90275090,未列名使用光学射线(...,760931,台,370865,千克,39824575
90278110,集成电路生产用氦质谱...,6,台,482,千克,178056
90278120,质谱联用仪,16,台,5138,千克,3374335
90278190,其他质谱仪,147,台,80769,千克,6051499
90278910,曝光表,1,个,1,千克,1260
90278990,品目90.27所列的...,2633600,台,1005011,千克,85987727
90279000,检镜切片机；9027...,823134,千克,0,—,63317957
90281010,煤气表,637900,个,400424,千克,4594014
90281090,其他气量计，包括它们...,110462,个,31904,千克,1130491
90282010,水表,1874352,个,1447889,千克,17538206
90282090,其他液量计，包括它们...,47562,个,145344,千克,2341465
90283011,单相感应式电度表,121322,个,49904,千克,2376520
90283012,三相感应式电度表,14895,个,11035,千克,174163
90283013,单相电子式（静止式）...,2174960,个,1518830,千克,47967696
90283014,三相电子式（静止式）...,1063553,个,1296708,千克,46836416
90283019,其他电度表,243404,个,114764,千克,1057223
90283090,其他电量计,1274561,个,113623,千克,2150294
90289010,工业用上述计量仪表的...,507475,千克,0,—,9829331
90289090,上述其他计量仪表的未...,2195904,千克,0,—,38563137
90291010,转数计,180954,个,18645,千克,726280
90291020,车费计、里程计,3813722,个,256635,千克,8920871
90291090,产量计数器、步数计及...,4505414,个,368055,千克,8406871
90292010,车辆用速度计,2136609,个,609169,千克,36993703
90292090,其他速度计及转速表，...,2131594,个,163794,千克,9725723
90299000,品目9029所列仪表...,203064,千克,0,—,9576552
90301000,离子射线的测量或检验...,5921,台,10679,千克,1679726
90302010,测试频率＜300MH...,15745,台,30230,千克,3373624
90302090,其他示波器,9471,台,18254,千克,5617141
90303110,量程在五位半及以下数...,1502394,台,451363,千克,14196210
90303190,其他万用表，无记录装...,147430,台,58874,千克,1126510
90303200,万用表，带记录装置,278034,台,98252,千克,4203076
90303310,量程在五位半及以下的...,309112,台,58227,千克,3462249
90303320,电阻测试仪，无记录装...,146947,台,58558,千克,1945097
90303390,其他检测电压等仪器及...,6836716,台,812402,千克,37008373
90303900,其他检测电压等仪器及...,400083,台,619219,千克,20300928
90304010,测试频率＜12.4可...,46536,台,17823,千克,2460776
90304090,其他通信专用的仪器及...,65369,台,47331,千克,17998888
90308200,测试或检验半导体晶圆...,15618,台,132150,千克,11251442
90308410,装有记录装置的电感及...,14806,台,44888,千克,2759459
90308490,其他装有记录装置用于...,86554,台,402393,千克,15194797
90308910,未装有记录装置电感及...,5678,台,9661,千克,659669
90308990,未列名用于电量测量或...,774898,台,394446,千克,16324215
90309000,品目9030所列仪器...,385470,千克,0,—,34331378
90311000,机械零件平衡试验机,10599,台,1035769,千克,6425004
90312000,试验台,1599,台,401627,千克,6510033
90314100,制造半导体器件（包括...,414,台,80470,千克,8005558
90314910,轮廓投影仪,891,台,6278,千克,559499
90314920,光栅测量装置,13315,台,23110,千克,2438968
90314990,其他测量或检验用光学...,15211304,台,1437523,千克,164411221
90318010,光纤通讯及光纤性能测...,48416,台,27174,千克,16149446
90318020,坐标测量仪,289,台,195371,千克,7004167
90318031,超声波探伤检测仪,489,台,7265,千克,2084939
90318032,磁粉探伤检测仪,58,台,3730,千克,187150
90318033,涡流探伤检测仪,115,台,3997,千克,83527
90318039,其他无损探伤检测仪器...,22702,台,4448,千克,810569
90318090,未列名测量或检验仪器...,46204513,台,6944125,千克,300801337
90319000,品目9031所列仪器...,2526997,千克,0,—,105683153
90321000,恒温器,27763331,台,1676237,千克,62771341
90322000,恒压器,573407,台,137183,千克,3286755
90328100,液压或气压自动调节或...,1179275,台,1061831,千克,11026870
90328912,列车自动运行系统（A...,159,台,1165,千克,412900
90328919,其他列车自动控制系统...,427,台,229,千克,132326
90328990,其他自动调节或控制仪...,9600248,台,3751312,千克,235561649
90329000,自动调节或控制仪器及...,2049275,千克,0,—,61337321
90330000,第90章机器、仪器等...,500456,千克,0,—,19222511
91011100,仅有机械指示器的电动...,136854,只,21452,千克,4754547
91011990,其他电动的手表，贵金...,1955,只,281,千克,34666
91012100,自动上弦手表，表壳用...,119,只,8,千克,3092205
91012900,表壳用贵金属或包贵金...,357,只,37,千克,3017635
91019100,电动的怀表等表，贵金...,10,只,9,千克,40
91019900,其他怀表及表，贵金属...,1200,只,192,千克,20237
91021100,电动仅有机械指示器的...,17675196,只,1674498,千克,93528644
91021200,电动仅有光电显示器的...,12757109,只,976744,千克,41220404
91021900,其他电动的手表,4248120,只,357445,千克,24224146
91022100,其他自动上弦的手表,423678,只,44994,千克,8282308
91022900,未列名手表,53743,只,3964,千克,341211
91029100,其他电动的怀表及表，...,383064,只,36104,千克,2186857
91029900,未列名怀表及表，包括...,95251,只,18800,千克,1970026
91031000,电动以表芯装成的钟,148189,只,57585,千克,247625
91039000,其他以表芯装成的钟,2502,只,1429,千克,39372
91040000,仪表板钟及车、航空器...,152578,只,27905,千克,1644369
91051100,电动的闹钟,5395733,只,1133775,千克,23050134
91051900,其他闹钟,32294,只,9497,千克,96519
91052100,电动的挂钟,7636104,只,4067904,千克,35827288
91052900,其他挂钟,24995,只,20901,千克,203571
91059110,电动的天文钟,160,只,83,千克,1126
91059190,未列名电动的钟,1723635,只,463827,千克,14093885
91059900,未列名钟,27944,只,9999,千克,246463
91061000,考勤钟、时刻记录器,789293,只,123958,千克,3492939
91069000,其他测量、记录或指示...,2643041,只,332399,千克,10281231
91070000,装有钟、表机芯或同步...,4623149,个,542967,千克,8801592
91081100,已组装电动的机械指示...,5260894,只,9978,千克,741718
91081200,已组装电动的光电显示...,3842111,只,14350,千克,749835
91081900,其他已组装电动的完整...,568537,只,4686,千克,91232
91082000,已组装的自动上弦的完...,54373,只,971,千克,987919
91089010,其他已组装的完整表芯...,5960,只,122,千克,155267
91089090,未列名已组装的完整表...,10230,只,250,千克,23913
91091000,已组装完整的电动钟芯,3929315,只,92289,千克,1057179
91099000,其他已组装的完整钟芯,400255,只,8970,千克,68982
91101100,未组装或部分组装的完...,1517454,只,2529,千克,119858
91101200,已组装的不完整表芯,3475,千克,0,—,2117932
91101900,未组装的不完整表芯,4590,千克,0,—,65105
91109010,未组装或部分组装的完...,6363,千克,87665,只,193297
91109090,已组装或未组装不完整...,13647,千克,0,—,354653
91111000,贵金属或包贵金属表壳,86,只,6,千克,238694
91112000,贱金属表壳，不论是否...,4538802,只,286670,千克,29753128
91118000,其他表壳,2126081,只,20986,千克,1757780
91119000,表壳零件,22422,千克,0,—,4375473
91122000,钟壳及本章所列其他货...,180145,只,24677,千克,659449
91129000,钟壳和本章所列其他货...,3964,千克,0,—,12792
91131000,贵金属或包贵金属制表...,13,千克,0,—,562278
91132000,贱金属表带及其零件，...,669763,千克,0,—,38063164
91139000,其他材料表带及其零件,422589,千克,0,—,22376599
91143000,钟面或表面,16278,千克,0,—,8635166
91144000,钟表夹板及横担（过桥...,2414,千克,0,—,78181
91149010,钟表宝石轴承,23,千克,0,—,721904
91149020,钟表发条，包括游丝,497,千克,0,—,54954
91149090,未列名钟表零件,366122,千克,0,—,12097628
92011000,竖式钢琴，包括自动钢...,1511,台,302496,千克,2196817
92012000,大钢琴，包括自动钢琴,170,台,47179,千克,1160176
92019000,拨弦古钢琴及其他键盘...,18856,台,50410,千克,627622
92021000,弓弦乐器,527334,只,668602,千克,26311967
92029000,其他弦乐器,448445,只,766942,千克,21058881
92051000,铜管乐器,155029,只,178375,千克,9430942
92059010,键盘管风琴；簧风琴等...,89752,只,90168,千克,862382
92059020,手风琴及类似乐器,17737,只,25728,千克,808260
92059030,口琴,579890,只,118102,千克,4305924
92059090,其他管乐器，但游艺场...,781240,只,194367,千克,6576715
92060000,打击乐器,1470486,只,2015406,千克,26136928
92071000,通过电产生或扩大声音...,414677,只,2620885,千克,31114442
92079000,其他通过电产生或扩大...,235963,个,965904,千克,18729378
92081000,百音盒,576438,个,143689,千克,3289236
92089000,其他乐器；各种媒诱音...,6479804,个,506798,千克,12050673
92093000,乐器用弦,95627,千克,0,—,3135436
92099100,钢琴的零件、附件,158024,千克,0,—,1391470
92099200,品目9202所列乐器...,389736,千克,0,—,4775582
92099400,品目9207所列乐器...,351506,千克,0,—,4845437
92099910,节拍器、音叉及定音管,19091,千克,0,—,1159899
92099920,百音盒的机械装置,9055,千克,0,—,164402
92099990,其他乐器的零件、附件,841822,千克,0,—,7933232
93032000,其他运动、狩猎或打靶...,5300,支,16260,千克,561954
93040000,其他武器（例如，弹簧...,344216,支,333237,千克,5457919
93052000,品目9303的猎枪或...,90929,千克,0,—,483352
93059900,其他品目9301至9...,346203,千克,0,—,2097535
93062900,猎枪子弹零件，气枪弹...,70405,千克,0,—,205331
93070090,其他剑、短弯刀、刺刀...,82325,千克,66778,件,970464
94011000,飞机用坐具,713,个,31124,千克,4041175
94012010,皮革或再生皮革面的机...,26479,个,281840,千克,3759674
94012090,机动车辆用其他坐具,483281,个,3667841,千克,26543533
94013100,木制的可调高度的转动...,51917,个,655278,千克,3040723
94013900,非木制可调高度的转动...,5534387,个,65617743,千克,293632294
94014110,皮革或再生皮革制面的...,3965,个,150092,千克,1539093
94014190,其他能作床用的木制两...,135182,个,5625403,千克,24845064
94014910,皮革或再生皮革制面能...,2088,个,120225,千克,571153
94014990,未列名能作床用的其他...,271456,个,3400818,千克,18076683
94015200,竹制的坐具,142434,个,613943,千克,2035368
94015300,藤制的坐具,7594,个,44595,千克,302934
94015900,柳条及其他类似材料制...,18026,个,143992,千克,1238468
94016110,皮革或再生皮革面的带...,477053,个,18178906,千克,110867881
94016190,其他带软垫的木框架坐...,5215231,个,106553681,千克,482966637
94016900,其他木框架坐具,1864102,个,9025540,千克,39875588
94017110,皮革或再生皮革面的带...,880751,个,5343803,千克,23971337
94017190,其他带软垫的金属框架...,16548424,个,122021106,千克,671155579
94017900,其他金属框架坐具,27005919,个,100359384,千克,360336405
94018010,石制的其他坐具,4320,个,107093,千克,573941
94018090,其他坐具,10148107,个,34613002,千克,215538959
94019100,坐具的木制零件,1707238,千克,0,—,7275060
94019910,机动车辆用座椅调角器,2986458,套,1600640,千克,12051672
94019990,坐具的其他非木制零件,66823087,千克,0,—,351212841
94021010,理发用椅及其零件,502761,个,2881711,千克,18856837
94021090,牙科椅和理发用类似椅...,1013692,个,266412,千克,3696467
94029000,其他医用家具及其零件,2123172,件,12343545,千克,75640352
94031000,办公室用金属家具,2199732,件,28014711,千克,80961789
94032000,其他金属家具,40371528,件,288049753,千克,1114163173
94033000,办公室用木家具,1765251,件,34859107,千克,92440499
94034000,厨房用木家具,1049182,件,21911298,千克,50101396
94035099,其他卧室用木家具,3042226,件,97507713,千克,254308610
94036091,其他天然漆（大漆）漆...,1,件,260,千克,3770
94036099,未列名木家具,15987602,件,212955014,千克,592935307
94037000,塑料家具,10219151,件,48965778,千克,195931342
94038200,竹制家具,993799,件,4143329,千克,12027159
94038300,藤制家具,4142,件,25053,千克,150773
94038910,柳条及类似材料制家具,12134,件,34993,千克,332198
94038920,石制家具,142976,件,4406184,千克,42298226
94038990,未列名材料制家具,2979161,件,24934968,千克,119003892
94039100,家具的木制零件,23849304,千克,0,—,83613165
94039900,家具的非木制零件,69795924,千克,0,—,285308135
94041000,弹簧床垫,1413436,个,29499152,千克,94249602
94042100,海绵橡胶或泡沫塑料制...,2864866,个,11685517,千克,66624053
94042900,其他材料制褥垫,4867661,个,6070763,千克,34402001
94043010,羽毛或羽绒填充的睡袋,44223,个,48290,千克,2987439
94043090,其他睡袋,2696184,个,2912511,千克,25955818
94044010,羽毛或羽绒填充的被子...,1036226,千克,469402,件,14463731
94044020,兽毛填充的被子、床罩,271544,千克,94263,件,6823879
94044030,丝棉填充的被子、床罩,301492,千克,164311,件,3763484
94044040,化纤棉填充的被子、床...,28180726,千克,25025401,件,141208023
94044090,其他被子、床罩,1465280,千克,860606,件,9554311
94049010,羽毛或羽绒填充的其他...,2409129,千克,0,—,13330870
94049020,兽毛填充的其他寝具及...,200113,千克,0,—,3027976
94049030,丝棉填充的其他寝具及...,348356,千克,0,—,3563963
94049040,化纤棉填充的其他寝具...,45074627,千克,0,—,281803318
94049090,未列名寝具及类似用品,23684131,千克,0,—,167171779
94051100,设计为仅使用发光二极...,49027532,个,28652836,千克,341299847
94051900,其他枝形吊灯及天花板...,16878299,个,13838845,千克,232526662
94052100,设计为仅使用发光二极...,3540849,台,3640370,千克,53170545
94052900,其他电气的台灯、床头...,9290906,台,12382955,千克,169740452
94053100,设计为仅使用发光二极...,5948699,套,1085852,千克,10041190
94053900,其他圣诞树用的灯串,5699236,套,1263207,千克,10674320
94054100,光伏的且设计为仅使用...,42147230,台,14714425,千克,134879569
94054210,非光伏的且设计为仅使...,2793741,台,933008,千克,12600466
94054290,非光伏的且设计为仅使...,48276449,千克,0,—,637451592
94054910,其他探照灯和聚光灯,1291077,台,489776,千克,6997686
94054990,其他电气灯具及照明装...,39254598,千克,0,—,581092542
94055000,非电气的灯具及照明装...,6773169,千克,0,—,57336755
94056100,设计为仅使用发光二极...,1066865,千克,0,—,19557345
94056900,其他发光标志、发光铭...,705434,千克,0,—,11700496
94059100,品目9405所列货品...,1755591,千克,0,—,14211125
94059200,品目9405所列货品...,4141994,千克,0,—,50385530
94059900,品目9405所列货品...,21653059,千克,0,—,222423026
94061000,木制活动房屋,1511913,千克,7975,套,5380762
94062000,钢结构模块建筑单元,3053459,千克,581,套,13713608
94069000,其他材料制活动房屋,109700546,千克,744829,套,218724373
95030010,供儿童乘骑的带轮玩具...,7937383,辆,29782652,千克,186398374
95030021,玩具动物,137683366,个,17154675,千克,219553859
95030029,玩偶，不论是否着装,72080452,个,8134952,千克,170880880
95030060,智力玩具,131450939,套,27752634,千克,320223797
95030083,带动力装置的其他玩具...,41155919,个,14460604,千克,281594890
95030089,未列名玩具及模型,2228366079,个,129787877,千克,1593675569
95030090,品目9503所列货品...,4729964,千克,0,—,70738847
95042000,台球的用品及附件,2353352,千克,0,—,15323226
95043010,使用硬币、钞票、银行...,1231789,台,3310363,千克,65894646
95043090,其他使用硬币、钞票、...,745493,台,1059679,千克,14168329
95044000,游戏纸牌,66519187,副,5990852,千克,18810698
95045020,自带视频显示装置的视...,806565,台,881487,千克,124411230
95045030,其他视频游戏控制器及...,1185459,台,1872918,千克,187563907
95045080,视频游戏控制器及设备...,29046090,个,3343824,千克,106796234
95049010,其他电子游戏机,3480226,台,717810,千克,30729598
95049021,保龄球自动分瓶机,2542,台,7559,千克,40569
95049022,保龄球,33080,个,120886,千克,604297
95049023,保龄球瓶,30627,个,38901,千克,158172
95049029,其他保龄球自动球道设...,16608,台,149933,千克,2218853
95049030,中国象棋、国际象棋、...,2950492,副,1082973,千克,11832846
95049040,麻将及类似桌上游戏用...,22520125,副,5446190,千克,31359309
95049090,未列名游艺场所、桌上...,9056212,台,6543547,千克,55222800
95051000,圣诞节用品,5578599,千克,0,—,54127475
95059000,其他节日或娱乐用品，...,13920980,千克,0,—,169984998
95061100,滑雪屐,2126,双,5352,千克,158634
95061200,滑雪屐扣件（滑雪屐带...,76681,千克,0,—,1562478
95061900,其他滑雪器械,313036,千克,0,—,8391633
95062100,帆板,193875,个,38760,千克,3884807
95062900,滑水板、冲浪板及其他...,17296407,个,13769359,千克,116445095
95063100,完整的高尔夫球棍,1756062,根,748031,千克,27777633
95063200,高尔夫球,25397253,个,1185389,千克,11047593
95063900,其他高尔夫球器械,1380944,千克,0,—,61718456
95064010,乒乓球,441843,百个,58934,千克,983337
95064090,其他乒乓球用品及器械,2889080,千克,0,—,13031459
95065100,草地网球拍,230996,支,83881,千克,3892723
95065900,羽毛球拍或类似球拍,11616294,支,2533988,千克,41285972
95066100,网球,15538622,个,1019438,千克,7202663
95066210,足球、篮球、排球,24787181,个,7895068,千克,61370920
95066290,其他可充气的运动用球,21058742,个,2112323,千克,18018888
95066900,其他运动用球,62243771,个,2473645,千克,32856811
95067010,溜冰鞋，包括装有冰刀...,430886,双,499433,千克,6927962
95067020,旱冰鞋,934514,双,1720675,千克,15837402
95069111,跑步机,1164993,台,21360352,千克,90217847
95069119,其他健身及康复器械,104949420,千克,0,—,351611440
95069190,未列名一般体育活动、...,46221044,千克,0,—,225954178
95069910,滑板,539553,个,751575,千克,5448228
95069990,未列名运动或户外游戏...,36412186,个,78277641,千克,306626982
95071000,钓鱼竿,8946874,副,1950537,千克,54447793
95072000,钓鱼钩，不论有无系钩...,445231,千克,0,—,8083459
95073000,钓线轮,9977864,个,945310,千克,24963970
95079000,其他钓鱼用品；捕捉网...,5143987,千克,0,—,71176798
95082100,过山车,99592,千克,0,—,979268
95082200,旋转木马，秋千和旋转...,485265,千克,0,—,1250851
95082300,碰碰车,21358,千克,0,—,113448
95082400,运动模拟器和移动剧场,45774,千克,0,—,711923
95082500,水上乘骑游乐设施,100,千克,0,—,302
95082600,水上乐园娱乐设备,1900,千克,0,—,3606
95082900,其他游乐场乘骑游乐设...,81465,千克,0,—,276480
95083000,游乐场娱乐设备，包括...,633410,千克,0,—,2918434
96019000,已加工其他动物质雕刻...,356603,千克,0,—,476963
96020010,明胶制装药用胶囊,967376,千克,0,—,23184396
96020090,已加工植物质或矿物质...,151122,千克,0,—,505435
96031000,用枝条或其他植物材料...,1854134,把,968885,千克,2356447
96032100,牙刷，包括齿板刷,487917603,把,7808848,千克,77320163
96032900,剃须刷、发刷、指甲刷...,200591065,支,3807496,千克,128212313
96033010,画笔,83489677,支,1003923,千克,12692729
96033020,毛笔,11338018,支,35851,千克,2047764
96033090,化妆用的类似笔,28036761,支,389336,千克,21559422
96034011,猪鬃制漆刷及类似刷,34004882,把,1658380,千克,8782143
96034019,其他漆刷及类似刷,56623585,把,3168255,千克,19438854
96034020,油漆块垫及滚筒,57780615,个,4668477,千克,20032814
96035011,作为机器、器具零件的...,11083283,个,1657979,千克,9104310
96035019,作为车辆零件的金属丝...,64047,个,49976,千克,131888
96035091,未列名作为机器、器具...,32086712,个,1543332,千克,26862552
96035099,未列名作为车辆零件的...,459672,个,163028,千克,672042
96039010,羽毛掸,8045,个,698,千克,13971
96039090,其他帚刷拖把等；制帚...,249806205,个,38492104,千克,276514805
96040000,手用粗筛、细筛,251963,个,53425,千克,167856
96050000,个人梳妆、缝纫或清洁...,25924444,套,1469538,千克,18619331
96061000,揿扣及其零件,488327,千克,0,—,10121144
96062100,塑料制钮扣，未用纺织...,1292685,千克,0,—,21849358
96062200,贱金属制钮扣，未用纺...,1530404,千克,0,—,25886870
96062900,其他钮扣,88674,千克,0,—,3180735
96063000,钮扣芯及钮扣的其他零...,231842,千克,0,—,4937470
96071100,装有贱金属制齿的拉链,33193933,米,1456259,千克,24015508
96071900,其他拉链,384473738,米,7342986,千克,77929059
96072000,拉链零件,3042460,千克,0,—,27673396
96081000,圆珠笔,483698075,支,5986317,千克,69359925
96082000,毡尖及其他渗水式笔尖...,707476313,支,10800708,千克,96304459
96083010,墨汁画笔,339479,支,18627,千克,159187
96083020,自来水笔,5952609,支,208125,千克,5017936
96083090,铁笔型自来水笔及其他...,4001689,支,113857,千克,2408865
96084000,活动铅笔,26290089,支,316976,千克,4500815
96085000,由上述两个或多个子目...,3949200,套,946013,千克,6160575
96086000,圆珠笔芯，由圆珠笔头...,42509838,支,172237,千克,3976469
96089100,钢笔头及笔尖粒,5822692,支,2422,千克,83275
96089910,机器、仪器用笔,798130,支,45760,千克,2171933
96089920,蜡纸铁笔；钢笔杆、铅...,7925136,支,28916,千克,410198
96089990,其他笔零件其他笔零件,430796,千克,0,—,8188273
96091010,铅笔，笔芯包裹在外壳...,4227170,千克,9778229,百支,26510734
96091020,颜色铅笔，笔芯包裹在...,3745484,千克,0,—,23698775
96092000,铅笔芯，黑的或其他颜...,578788,千克,0,—,2439964
96099000,蜡笔、图画碳笔、粉笔...,6067741,千克,0,—,16702447
96100000,具有书写或绘画面的石...,7744439,千克,0,—,39909487
96110000,手用印戳；手工操作排...,373115,千克,0,—,7322978
96121000,打字机色带等已着色色...,10984755,个,2502813,千克,19144412
96122000,印台，不论是否已加印...,2031591,个,101376,千克,1560667
96131000,袖珍气体打火机，一次...,256090652,个,3862525,千克,20809930
96132000,袖珍气体打火机，可充...,99532187,个,1715186,千克,10856899
96138000,其他打火器,35895661,个,1785400,千克,11799329
96139000,打火机等打火器零件，...,1880822,千克,0,—,12947545
96140010,烟斗及烟斗头,2624692,个,486765,千克,6251895
96140090,烟嘴；烟斗及烟嘴的零...,361224,千克,0,—,3692094
96151100,硬质橡胶或塑料制梳子...,9654917,千克,0,—,105008337
96151900,其他梳子、发夹及类似...,3927497,千克,0,—,71726846
96159000,发卡、卷发夹、卷发器...,1769037,千克,0,—,40932986
96161000,香水喷雾器等化妆喷雾...,4727231,千克,0,—,61645488
96162000,粉扑及粉拍，施敷脂粉...,1574669,千克,0,—,28505202
96170011,玻璃内胆保温瓶,7600165,个,5323001,千克,23874716
96170019,其他保温瓶,33811590,个,14737600,千克,154797263
96170090,其他真空容器；真空容...,13168750,千克,33395000,个,133009805
96180000,人体模型；橱窗装饰用...,1514784,千克,0,—,26346350
96190011,供婴儿使用的尿裤及尿...,47498160,千克,0,—,143266542
96190019,其他任何材料制的尿裤...,16744602,千克,0,—,42107416
96190020,任何材料制的卫生巾（...,10353131,千克,0,—,51124010
96190090,任何材料制的尿布衬里...,17530990,千克,0,—,42808577
96200010,专用于品目85.19...,692287,千克,0,—,14243272
96200090,其他独脚架、双脚架、...,3241785,千克,0,—,37331878
97012100,超过100年的油画、...,12,幅,27,千克,10372265
97019119,100年及以下的其他...,22538,幅,58062,千克,43694585
97019120,100年及以下的油画...,175199,幅,186699,千克,1556541
97019200,100年及以下的镶嵌...,212,幅,312,千克,2909
97019900,100年及以下的拼贴...,66251,幅,38333,千克,169271
97029000,100年及以下的雕版...,9,幅,81,千克,65700
97039000,100年及以下的各种...,1141,件,32060,千克,9039794
97040010,使用过或未使用过的邮...,24,千克,0,—,1213
97061000,超过250年的古物,11,件,34,千克,11084826
97069000,超过100年且不超过...,5,件,45,千克,5532418
98010010,单项记录价值≤200...,0,千克,0,—,12122080
98040000,低值简易通关商品,520644261,千克,20937839,—,5172444430
98050000,个人跨境电商商品,2750475,千克,6119113,件,54648422
99000000,跨境电商B2B简化申...,4514628,千克,662801,—,32910887
